$TYPE vec 
$XDIM 3200 
$YDIM 1 
$VEC_DIM 10 
1 1 1 1 1 1 1 1 1 0 vec1 
0 0 1 0 0 1 0 0 0 0 vec2 
1 1 1 0 1 1 0 0 1 1 vec3 
0 1 0 1 1 1 1 0 1 1 vec4 
1 1 0 0 0 1 0 0 0 1 vec5 
1 0 1 1 1 0 1 1 0 1 vec6 
1 1 0 1 1 1 1 1 0 1 vec7 
1 1 1 0 1 1 1 0 1 1 vec8 
1 1 1 0 0 1 0 1 0 1 vec9 
1 1 1 1 0 1 0 0 1 0 vec10 
0 0 1 0 0 1 0 0 0 1 vec11 
1 0 1 1 1 1 1 0 0 0 vec12 
0 0 1 0 0 1 1 0 1 0 vec13 
1 1 0 1 1 1 1 0 0 1 vec14 
1 1 0 1 1 1 0 1 0 0 vec15 
1 1 1 1 1 1 1 0 0 0 vec16 
1 1 1 1 0 1 1 0 1 1 vec17 
1 0 1 1 0 1 1 0 1 1 vec18 
0 0 1 0 0 0 0 1 1 0 vec19 
0 1 1 1 0 1 1 0 0 0 vec20 
1 1 0 1 0 0 0 0 0 0 vec21 
1 0 1 0 0 1 0 0 0 1 vec22 
0 1 0 1 0 1 1 0 0 0 vec23 
1 0 1 0 1 1 0 0 1 0 vec24 
0 1 1 1 0 1 0 1 0 1 vec25 
1 0 1 1 1 0 1 1 1 0 vec26 
1 1 0 1 0 1 1 0 0 1 vec27 
0 1 1 1 0 1 0 1 1 1 vec28 
1 0 1 0 0 1 1 1 1 0 vec29 
0 0 1 1 0 1 1 0 1 1 vec30 
1 1 0 0 1 1 1 1 0 0 vec31 
1 0 1 0 0 1 0 0 0 1 vec32 
1 1 1 0 1 1 0 0 0 0 vec33 
1 1 1 0 1 1 1 1 0 0 vec34 
1 1 0 1 0 1 0 0 0 0 vec35 
0 0 1 0 0 1 0 1 0 1 vec36 
0 1 1 0 1 1 1 1 0 1 vec37 
1 1 1 1 1 1 1 0 1 1 vec38 
0 1 0 1 1 1 1 0 0 0 vec39 
1 1 1 1 0 1 1 0 0 1 vec40 
1 1 0 1 1 0 1 1 1 1 vec41 
1 1 1 0 0 1 1 0 0 0 vec42 
1 1 1 1 0 1 1 0 0 0 vec43 
1 1 1 1 0 1 0 1 0 1 vec44 
1 0 1 0 0 1 0 0 0 0 vec45 
0 1 1 1 0 1 0 1 1 1 vec46 
1 1 1 0 1 0 1 0 1 1 vec47 
0 0 1 0 1 1 0 0 0 1 vec48 
1 0 0 1 1 1 1 0 0 0 vec49 
1 0 1 1 1 1 1 1 1 0 vec50 
1 1 1 1 0 1 1 0 1 1 vec51 
1 0 1 0 1 1 0 0 0 1 vec52 
1 0 0 1 1 1 1 0 0 1 vec53 
1 1 0 1 0 1 1 1 1 0 vec54 
1 0 1 0 0 1 0 1 1 0 vec55 
1 0 1 0 1 0 1 0 0 1 vec56 
1 1 0 0 1 0 1 1 0 0 vec57 
1 0 1 1 0 1 1 0 0 1 vec58 
1 1 1 1 1 1 0 1 1 0 vec59 
1 0 1 1 1 0 1 0 0 1 vec60 
1 1 1 1 0 1 1 1 0 1 vec61 
1 1 0 0 0 0 1 0 1 0 vec62 
1 1 1 1 0 0 1 0 1 1 vec63 
1 1 0 1 0 1 1 0 1 1 vec64 
0 1 1 1 0 1 1 1 1 0 vec65 
1 0 1 0 0 1 0 0 1 0 vec66 
1 0 1 0 0 1 0 1 0 1 vec67 
0 0 1 0 0 1 0 1 1 1 vec68 
1 1 0 1 0 1 1 1 0 0 vec69 
1 0 1 0 0 0 0 1 0 1 vec70 
1 1 1 1 0 1 1 1 1 1 vec71 
1 1 1 0 1 1 1 1 0 0 vec72 
0 1 0 1 1 1 1 0 1 0 vec73 
1 0 1 1 1 0 1 1 0 1 vec74 
1 0 1 0 1 0 0 1 0 1 vec75 
1 0 1 0 1 0 1 0 1 0 vec76 
1 1 0 1 1 1 0 0 0 0 vec77 
1 1 1 1 1 1 1 0 0 1 vec78 
1 0 1 0 0 1 0 0 0 0 vec79 
1 0 1 0 0 1 0 1 1 0 vec80 
1 1 1 1 1 1 1 0 1 0 vec81 
1 1 1 1 0 0 0 0 1 1 vec82 
1 0 1 1 1 1 0 0 1 0 vec83 
0 1 1 1 1 1 0 1 0 1 vec84 
1 1 1 0 1 1 1 0 0 1 vec85 
1 1 1 1 1 0 1 0 0 0 vec86 
1 0 1 1 0 1 1 0 1 0 vec87 
0 0 1 0 0 1 0 0 0 0 vec88 
1 0 1 0 0 0 0 0 0 0 vec89 
1 0 1 1 1 0 1 0 0 0 vec90 
0 0 1 1 1 1 1 0 1 0 vec91 
1 0 0 1 0 1 1 0 1 1 vec92 
1 1 0 1 1 1 1 0 1 1 vec93 
1 1 1 1 1 1 1 0 0 1 vec94 
1 1 1 1 1 0 1 1 1 0 vec95 
1 1 0 1 0 0 0 1 0 1 vec96 
1 1 0 1 0 1 1 0 0 0 vec97 
1 1 1 0 1 0 1 1 1 1 vec98 
1 1 1 1 1 1 0 0 1 1 vec99 
0 0 1 1 0 1 0 0 0 1 vec100 
1 1 0 1 1 1 1 0 0 1 vec101 
1 0 1 0 0 1 0 0 1 1 vec102 
1 0 1 1 1 0 0 0 1 0 vec103 
1 0 1 1 0 1 1 1 0 1 vec104 
1 0 1 0 0 1 0 1 0 1 vec105 
1 1 1 0 0 1 0 1 1 1 vec106 
0 1 1 1 1 1 1 0 1 0 vec107 
1 1 1 1 0 1 1 1 0 0 vec108 
1 0 1 1 0 1 1 1 1 1 vec109 
1 0 1 0 1 0 1 0 1 0 vec110 
1 1 1 0 1 1 1 1 0 1 vec111 
1 0 0 1 1 0 1 0 1 1 vec112 
0 1 1 1 1 1 0 1 0 0 vec113 
0 0 1 0 0 1 0 1 1 1 vec114 
1 0 1 0 0 1 0 1 0 1 vec115 
1 0 1 1 0 1 1 0 1 1 vec116 
1 1 0 1 1 1 0 1 0 1 vec117 
1 0 1 0 0 1 0 0 1 0 vec118 
1 1 1 0 0 1 1 0 1 1 vec119 
0 1 1 0 0 1 1 0 1 0 vec120 
0 1 1 0 0 1 0 0 0 1 vec121 
1 0 1 1 0 1 1 0 1 0 vec122 
0 1 1 1 0 0 0 0 0 1 vec123 
1 1 0 1 1 1 1 1 1 0 vec124 
1 1 1 1 0 1 0 0 0 0 vec125 
1 1 1 1 1 0 1 1 0 1 vec126 
1 1 1 1 0 0 1 0 1 0 vec127 
1 0 1 1 0 1 1 0 1 1 vec128 
1 0 1 1 0 1 1 1 1 1 vec129 
1 1 1 1 0 1 1 1 1 1 vec130 
1 1 1 0 1 1 1 1 0 0 vec131 
1 0 1 1 0 1 1 1 0 1 vec132 
1 1 1 0 1 1 1 1 1 0 vec133 
1 0 1 1 1 1 0 0 1 0 vec134 
1 0 1 0 0 1 0 1 1 1 vec135 
1 1 0 1 1 1 1 0 0 0 vec136 
1 0 1 1 0 1 1 0 0 0 vec137 
1 0 0 0 1 1 1 0 1 0 vec138 
1 1 0 1 0 1 1 1 1 1 vec139 
0 1 1 1 0 1 0 1 1 1 vec140 
1 0 1 1 1 0 1 0 1 0 vec141 
1 1 1 1 1 1 1 1 1 1 vec142 
0 1 1 1 0 1 0 1 1 1 vec143 
1 1 1 1 0 1 1 1 1 1 vec144 
1 1 0 1 1 1 1 0 1 1 vec145 
1 1 0 1 0 1 1 1 1 1 vec146 
1 0 1 0 1 1 1 0 0 1 vec147 
1 1 1 0 1 1 1 1 1 0 vec148 
1 0 0 1 0 1 1 1 1 0 vec149 
1 0 1 1 0 1 1 0 1 0 vec150 
1 1 1 1 0 1 1 0 0 0 vec151 
1 1 0 1 1 1 1 0 1 0 vec152 
1 1 0 0 1 1 1 0 1 1 vec153 
1 1 0 1 1 1 1 1 0 1 vec154 
1 1 0 1 1 1 1 0 0 0 vec155 
1 0 1 0 0 1 1 0 0 1 vec156 
1 1 1 1 0 1 1 0 0 1 vec157 
1 0 1 0 0 1 0 1 0 1 vec158 
1 0 0 0 0 1 0 1 0 1 vec159 
1 1 0 1 1 1 1 1 0 0 vec160 
1 0 1 1 1 0 0 0 0 1 vec161 
1 1 1 1 0 1 1 1 0 1 vec162 
1 1 1 1 0 1 1 1 1 1 vec163 
1 0 0 0 0 1 0 0 0 0 vec164 
1 0 1 1 0 1 1 1 1 1 vec165 
1 1 0 1 0 1 1 0 0 1 vec166 
1 1 0 1 1 1 1 1 0 1 vec167 
0 0 1 1 1 1 1 1 1 0 vec168 
0 0 1 0 0 1 0 1 0 1 vec169 
1 0 1 1 0 1 1 1 1 0 vec170 
1 1 1 1 0 0 0 1 1 1 vec171 
0 1 0 1 0 1 1 0 1 0 vec172 
1 0 1 1 0 1 0 0 0 1 vec173 
1 1 1 1 0 1 1 1 0 1 vec174 
1 0 1 1 0 1 0 1 1 0 vec175 
1 1 1 0 0 1 1 1 1 1 vec176 
1 0 1 1 1 0 1 0 1 0 vec177 
0 0 1 0 1 0 0 1 0 0 vec178 
0 1 1 0 0 1 0 0 0 0 vec179 
0 0 1 0 0 1 0 1 0 1 vec180 
1 1 0 1 0 0 1 0 1 0 vec181 
1 0 1 1 1 0 1 0 1 1 vec182 
1 0 1 0 0 1 1 1 1 0 vec183 
0 1 1 1 0 1 1 1 0 1 vec184 
1 0 1 1 1 1 1 0 0 1 vec185 
0 1 1 1 0 0 0 0 1 1 vec186 
1 1 1 0 1 1 1 0 0 0 vec187 
0 0 1 0 0 1 0 1 0 1 vec188 
1 0 1 0 0 1 0 1 1 1 vec189 
0 1 1 1 0 1 0 1 1 0 vec190 
1 0 1 1 1 0 1 0 0 1 vec191 
1 0 1 1 1 0 1 1 0 0 vec192 
0 0 1 0 1 1 0 0 1 1 vec193 
0 0 1 0 0 1 0 1 0 0 vec194 
0 0 1 0 0 1 0 1 0 0 vec195 
1 1 1 0 0 1 1 1 0 0 vec196 
1 1 1 1 1 1 1 0 1 1 vec197 
0 0 1 1 0 0 1 0 1 1 vec198 
1 1 1 0 1 1 1 0 0 0 vec199 
0 0 1 0 0 1 0 0 1 1 vec200 
0 1 1 1 0 1 0 0 0 1 vec201 
1 1 0 1 1 1 1 1 0 0 vec202 
1 1 1 0 1 1 1 1 1 0 vec203 
1 0 1 1 0 1 1 1 0 1 vec204 
1 1 0 1 0 1 1 1 1 1 vec205 
0 0 1 0 1 1 0 1 0 1 vec206 
1 1 1 1 0 1 1 0 1 0 vec207 
1 1 0 1 1 1 1 1 1 1 vec208 
0 0 1 0 0 1 0 1 0 1 vec209 
1 1 1 1 0 1 1 0 1 1 vec210 
0 0 1 1 1 0 1 0 1 0 vec211 
1 0 1 0 0 1 0 1 1 1 vec212 
0 1 1 1 1 1 0 0 1 0 vec213 
0 1 1 0 0 0 0 1 0 1 vec214 
1 0 1 0 0 1 0 1 1 0 vec215 
1 1 0 1 1 1 1 1 1 1 vec216 
1 0 1 0 0 1 0 0 1 1 vec217 
1 0 1 1 0 1 1 0 1 1 vec218 
1 1 1 1 1 1 1 0 0 1 vec219 
0 1 1 1 0 1 1 0 1 0 vec220 
1 1 1 1 1 0 1 1 0 0 vec221 
0 1 0 1 0 0 1 0 0 0 vec222 
1 0 1 1 1 0 1 0 1 0 vec223 
0 1 0 1 1 1 1 1 1 1 vec224 
1 0 1 1 1 0 1 1 0 0 vec225 
1 0 0 1 0 1 0 0 0 0 vec226 
1 0 1 1 0 0 1 1 0 1 vec227 
0 0 1 0 1 0 1 0 0 0 vec228 
1 1 1 0 1 1 1 0 1 1 vec229 
1 1 1 1 1 0 1 0 0 1 vec230 
1 0 1 1 1 1 0 0 1 0 vec231 
1 1 1 0 1 0 1 1 1 1 vec232 
1 1 0 1 1 1 1 1 0 1 vec233 
1 0 0 1 0 1 1 1 1 1 vec234 
0 1 1 1 0 1 0 0 0 0 vec235 
1 1 1 1 1 0 1 0 0 1 vec236 
1 0 0 1 1 1 1 1 1 1 vec237 
1 0 1 1 0 1 0 1 0 0 vec238 
1 1 1 1 1 1 1 0 0 1 vec239 
1 1 0 1 0 1 1 0 1 1 vec240 
0 1 1 1 0 1 1 0 0 0 vec241 
1 1 0 1 0 1 0 1 0 1 vec242 
1 0 1 1 0 0 1 0 0 0 vec243 
1 1 1 1 1 1 1 1 1 0 vec244 
1 0 0 1 1 1 1 1 1 0 vec245 
1 0 1 1 0 1 1 1 0 0 vec246 
1 1 0 1 1 1 1 1 0 0 vec247 
1 0 0 1 1 0 1 0 1 1 vec248 
1 1 1 1 0 1 0 0 0 1 vec249 
1 1 0 1 0 0 1 1 0 1 vec250 
1 0 1 1 1 0 1 1 0 0 vec251 
1 1 1 1 0 1 1 0 1 1 vec252 
0 0 1 0 0 1 0 0 0 0 vec253 
1 1 1 0 1 1 1 0 1 1 vec254 
0 1 1 1 0 1 0 1 0 0 vec255 
1 0 1 0 0 1 0 0 0 0 vec256 
1 0 1 0 0 1 1 0 1 1 vec257 
1 1 1 0 1 1 1 1 0 0 vec258 
1 0 1 1 1 0 1 1 0 0 vec259 
1 0 1 0 0 1 0 1 1 0 vec260 
1 0 1 1 0 1 1 1 1 1 vec261 
0 1 1 1 0 1 0 0 1 1 vec262 
1 1 0 1 0 1 1 1 0 0 vec263 
0 1 1 1 1 1 1 0 1 1 vec264 
1 1 1 0 1 1 1 1 0 0 vec265 
0 1 1 1 0 0 0 0 1 1 vec266 
0 0 1 0 0 1 0 0 0 0 vec267 
1 1 0 1 1 1 1 1 1 1 vec268 
0 1 1 1 1 1 1 0 1 0 vec269 
0 1 1 1 0 1 1 0 0 0 vec270 
1 1 1 0 1 0 1 0 1 1 vec271 
0 0 1 0 0 1 0 0 1 1 vec272 
0 0 1 0 0 1 0 0 1 1 vec273 
1 0 1 1 0 1 1 0 0 0 vec274 
1 1 1 1 1 1 1 1 1 1 vec275 
1 0 1 1 1 0 1 1 0 1 vec276 
0 1 1 0 1 1 1 1 0 1 vec277 
0 0 1 0 0 1 0 1 1 0 vec278 
0 0 1 0 0 1 0 0 1 1 vec279 
1 1 1 1 1 0 1 0 1 0 vec280 
1 1 1 1 1 1 1 1 1 0 vec281 
1 0 1 1 0 1 1 0 1 0 vec282 
1 1 1 1 0 1 1 0 0 1 vec283 
1 1 1 1 1 1 1 0 1 1 vec284 
1 1 1 1 0 1 1 1 0 0 vec285 
1 1 1 0 1 1 0 0 1 1 vec286 
0 1 0 1 0 0 0 0 1 1 vec287 
1 0 1 0 0 1 0 0 1 0 vec288 
1 1 0 1 1 1 1 0 1 0 vec289 
0 1 0 1 0 1 1 0 0 1 vec290 
0 0 1 1 0 0 1 0 1 0 vec291 
1 1 0 1 1 1 1 0 1 1 vec292 
1 1 1 0 0 0 0 0 1 1 vec293 
0 1 1 1 1 1 0 1 0 0 vec294 
1 1 1 1 1 1 1 1 0 1 vec295 
0 0 1 0 0 1 0 0 0 0 vec296 
0 0 1 1 0 1 0 1 1 0 vec297 
0 0 1 1 0 1 0 0 0 0 vec298 
1 1 1 0 0 1 1 0 0 0 vec299 
1 1 1 1 1 1 1 0 0 1 vec300 
1 0 1 0 0 1 0 1 0 0 vec301 
1 1 1 0 1 0 0 0 0 0 vec302 
0 1 1 1 0 1 1 1 1 1 vec303 
1 1 1 1 0 1 1 1 0 1 vec304 
1 1 0 1 0 1 1 1 0 0 vec305 
1 0 0 1 0 1 1 0 0 1 vec306 
1 1 0 1 0 1 1 1 1 1 vec307 
1 0 1 0 0 1 0 1 1 0 vec308 
1 1 1 0 1 1 1 1 1 1 vec309 
0 1 1 1 0 1 0 0 0 0 vec310 
1 1 1 0 0 1 1 0 1 0 vec311 
1 1 1 1 0 1 1 0 1 1 vec312 
1 0 1 1 1 0 1 1 1 0 vec313 
0 1 0 1 1 1 1 0 0 0 vec314 
1 1 1 1 1 1 1 0 0 1 vec315 
1 1 0 1 0 1 1 1 0 1 vec316 
1 1 0 1 1 1 1 1 0 0 vec317 
1 0 1 0 0 1 0 0 1 0 vec318 
1 1 0 1 1 1 1 0 0 1 vec319 
0 1 1 1 0 1 1 1 0 0 vec320 
1 1 0 1 0 1 1 1 0 0 vec321 
0 0 1 0 0 1 0 1 0 1 vec322 
1 1 1 1 1 1 0 0 0 1 vec323 
1 1 1 0 1 1 1 0 1 1 vec324 
1 0 0 1 0 1 1 1 1 0 vec325 
0 1 0 1 0 1 0 1 0 0 vec326 
1 0 1 1 1 1 1 0 1 1 vec327 
1 1 0 1 0 1 1 1 1 0 vec328 
1 0 1 0 1 1 0 0 1 0 vec329 
1 0 1 1 0 1 1 1 0 1 vec330 
0 1 1 0 0 1 0 1 0 1 vec331 
1 1 0 1 1 1 1 0 1 0 vec332 
1 0 1 0 1 1 0 1 0 1 vec333 
0 1 1 1 0 1 0 0 1 1 vec334 
1 0 0 0 0 1 0 0 0 0 vec335 
1 0 1 0 0 1 0 0 1 0 vec336 
1 1 1 1 0 1 0 1 1 0 vec337 
1 0 1 0 0 1 0 0 0 0 vec338 
1 1 1 1 1 1 1 1 1 0 vec339 
0 0 1 0 0 1 0 0 1 1 vec340 
0 1 0 1 0 1 0 0 1 0 vec341 
1 1 0 1 1 1 1 0 0 0 vec342 
1 0 1 1 0 0 1 1 1 0 vec343 
0 1 0 1 0 0 1 0 1 0 vec344 
1 1 0 1 1 1 1 0 0 1 vec345 
0 0 1 1 1 1 1 0 0 0 vec346 
0 1 1 1 0 0 0 0 1 0 vec347 
1 1 1 0 0 1 0 1 0 0 vec348 
0 1 0 1 0 1 0 1 1 0 vec349 
1 0 1 1 0 1 1 0 1 0 vec350 
1 0 1 1 1 1 1 0 1 0 vec351 
0 1 1 0 1 1 1 0 0 0 vec352 
1 1 1 0 1 1 1 0 1 0 vec353 
1 1 1 1 0 1 1 0 1 0 vec354 
1 1 1 0 0 1 1 1 0 0 vec355 
1 1 0 1 1 1 1 1 1 1 vec356 
1 0 1 1 0 1 1 0 0 1 vec357 
1 1 0 1 0 1 1 1 1 0 vec358 
0 1 1 1 0 1 0 1 0 1 vec359 
0 1 0 1 0 1 1 0 1 1 vec360 
1 1 1 1 1 1 1 0 0 1 vec361 
1 0 1 0 0 1 0 0 0 0 vec362 
1 1 0 1 1 1 1 0 0 0 vec363 
1 1 0 1 0 1 1 1 1 0 vec364 
0 1 1 1 0 1 0 0 0 1 vec365 
0 1 1 1 0 1 0 1 1 1 vec366 
0 1 1 1 1 1 1 0 0 1 vec367 
1 0 1 0 1 1 0 0 1 1 vec368 
0 0 1 0 0 1 0 0 1 1 vec369 
1 1 0 1 1 0 1 0 0 0 vec370 
1 1 1 1 1 1 1 1 0 1 vec371 
1 0 1 0 0 1 0 0 1 0 vec372 
1 1 1 1 0 1 0 1 0 1 vec373 
0 0 1 0 0 1 0 1 0 0 vec374 
1 0 1 1 0 1 1 1 0 1 vec375 
1 1 0 0 1 1 1 0 1 0 vec376 
1 0 1 0 1 1 1 1 1 1 vec377 
1 0 1 0 0 1 0 0 1 0 vec378 
1 1 0 1 1 1 1 0 0 1 vec379 
1 0 1 0 1 1 1 0 0 0 vec380 
0 1 0 1 1 1 1 1 0 1 vec381 
1 1 0 0 0 1 1 0 1 0 vec382 
0 1 1 1 0 1 0 0 0 0 vec383 
0 1 1 1 0 1 0 0 1 1 vec384 
1 0 0 0 1 1 1 1 0 1 vec385 
0 0 0 0 0 1 0 0 0 1 vec386 
1 0 1 0 0 1 1 0 1 0 vec387 
1 1 1 0 1 1 1 1 0 1 vec388 
1 1 0 1 0 1 1 0 1 0 vec389 
0 1 1 1 0 1 0 1 1 0 vec390 
1 1 0 1 1 1 1 0 1 1 vec391 
1 1 1 0 1 1 1 1 1 1 vec392 
1 0 1 0 0 1 0 0 0 1 vec393 
1 1 1 1 1 1 1 0 0 1 vec394 
1 0 1 1 1 0 0 1 0 0 vec395 
1 1 1 1 0 1 0 0 0 1 vec396 
1 0 1 0 0 0 0 1 0 1 vec397 
1 0 1 1 0 1 1 1 1 1 vec398 
1 1 0 1 0 1 1 0 1 1 vec399 
1 0 1 0 0 1 0 1 0 0 vec400 
1 1 0 1 1 1 1 1 1 0 vec401 
0 1 1 1 0 1 1 0 1 1 vec402 
1 1 1 1 1 1 1 0 0 1 vec403 
1 1 0 1 0 1 1 0 1 1 vec404 
1 0 1 1 0 1 1 1 1 1 vec405 
1 0 0 1 0 1 1 1 0 0 vec406 
1 1 1 0 1 1 1 1 1 1 vec407 
0 1 1 0 0 1 1 0 1 0 vec408 
1 0 1 0 1 1 1 0 0 1 vec409 
1 0 0 1 1 1 1 0 0 1 vec410 
0 1 0 0 0 1 1 1 0 1 vec411 
1 0 0 0 0 1 0 1 0 1 vec412 
1 0 1 1 0 1 1 0 1 1 vec413 
1 1 1 1 0 1 1 1 1 0 vec414 
1 0 1 1 0 0 1 0 1 0 vec415 
1 1 0 1 0 1 1 1 1 1 vec416 
1 1 1 1 0 1 1 1 0 1 vec417 
1 0 1 1 1 0 1 0 0 1 vec418 
1 1 0 1 1 1 0 1 1 0 vec419 
1 0 1 1 0 1 0 0 1 0 vec420 
0 1 0 1 1 1 1 0 0 0 vec421 
1 0 0 1 0 1 1 0 0 0 vec422 
0 0 1 0 0 1 0 0 0 0 vec423 
0 0 1 0 1 1 0 0 0 1 vec424 
1 1 1 1 1 1 1 1 0 1 vec425 
1 1 1 1 0 1 0 1 1 1 vec426 
1 1 1 1 0 1 1 0 0 1 vec427 
0 1 1 0 0 0 0 1 1 1 vec428 
1 1 1 1 0 0 1 1 0 0 vec429 
1 0 1 1 0 0 1 1 0 0 vec430 
1 0 1 0 1 1 0 0 1 0 vec431 
1 1 1 1 0 1 1 0 0 1 vec432 
0 0 1 0 0 0 0 0 1 0 vec433 
1 1 0 1 1 1 0 1 1 1 vec434 
1 1 0 0 0 0 1 0 0 0 vec435 
0 0 1 1 1 1 1 1 1 1 vec436 
1 1 1 0 0 1 1 1 1 0 vec437 
1 1 0 1 1 1 1 1 0 1 vec438 
1 0 1 0 1 1 1 1 0 1 vec439 
1 0 1 0 0 0 1 1 0 0 vec440 
1 1 1 0 1 1 1 1 1 0 vec441 
1 0 1 1 0 1 1 1 0 0 vec442 
1 1 1 1 1 1 1 0 0 0 vec443 
1 1 1 1 0 1 0 0 0 0 vec444 
1 0 1 1 0 1 1 1 1 1 vec445 
1 1 0 1 0 1 1 1 1 0 vec446 
0 0 0 1 0 0 0 0 1 0 vec447 
1 0 0 0 0 1 0 1 0 0 vec448 
1 0 1 0 0 1 0 1 0 1 vec449 
0 1 1 1 1 1 0 1 1 0 vec450 
0 1 1 0 0 1 0 1 0 0 vec451 
0 1 1 1 0 1 0 0 0 0 vec452 
1 0 1 1 0 1 1 1 1 0 vec453 
1 1 0 1 0 1 1 1 1 1 vec454 
1 1 0 1 0 1 1 1 0 1 vec455 
1 1 0 1 1 1 1 0 0 0 vec456 
1 0 1 0 0 1 0 0 1 0 vec457 
1 1 1 0 0 1 0 1 0 1 vec458 
0 0 1 0 0 1 0 1 0 0 vec459 
0 0 1 0 0 1 0 0 1 0 vec460 
1 0 1 0 1 0 1 0 1 1 vec461 
1 0 1 1 1 1 1 1 1 1 vec462 
1 0 0 0 0 1 0 0 1 0 vec463 
1 1 1 1 0 1 1 1 1 1 vec464 
0 0 1 1 1 1 0 0 1 0 vec465 
1 0 1 0 0 1 0 0 1 0 vec466 
1 1 1 0 1 0 1 1 0 1 vec467 
1 0 1 1 1 0 1 1 0 1 vec468 
1 1 0 1 1 1 1 0 0 1 vec469 
1 1 0 1 1 1 1 0 1 1 vec470 
1 1 1 0 1 1 1 0 1 0 vec471 
1 0 1 0 1 1 0 1 1 0 vec472 
1 0 0 1 1 0 1 0 1 1 vec473 
1 0 1 1 1 0 1 1 0 0 vec474 
1 1 0 1 0 0 1 1 0 0 vec475 
0 1 1 0 0 1 1 0 0 1 vec476 
1 1 0 1 0 1 1 0 1 0 vec477 
0 1 0 1 0 1 1 0 1 1 vec478 
1 1 0 1 0 0 1 0 0 0 vec479 
1 1 1 1 1 1 1 0 0 0 vec480 
1 1 1 0 1 1 1 0 0 1 vec481 
1 0 1 1 1 0 0 0 0 0 vec482 
0 1 1 0 1 1 1 1 0 0 vec483 
0 0 0 0 0 1 0 1 1 0 vec484 
0 0 1 0 0 1 1 0 1 1 vec485 
0 0 1 0 0 1 0 0 1 0 vec486 
0 0 1 1 0 1 0 0 1 0 vec487 
1 1 1 0 1 1 1 1 0 1 vec488 
1 1 0 1 0 1 1 1 1 1 vec489 
1 1 0 1 1 0 1 1 1 1 vec490 
0 0 1 1 1 1 1 1 1 0 vec491 
1 1 0 1 1 1 1 0 1 1 vec492 
0 0 1 0 0 1 0 1 1 1 vec493 
1 0 1 1 0 1 0 1 1 0 vec494 
1 1 0 1 1 1 1 1 0 0 vec495 
1 1 1 0 0 1 1 1 1 0 vec496 
0 0 1 0 0 1 1 0 1 0 vec497 
1 0 1 1 0 1 1 0 0 1 vec498 
1 0 1 0 0 1 0 0 1 0 vec499 
1 0 1 1 0 1 1 1 1 0 vec500 
1 1 1 1 1 1 1 0 1 0 vec501 
1 1 0 1 1 0 1 0 0 0 vec502 
1 1 1 1 0 0 1 0 1 0 vec503 
1 1 0 1 0 1 1 0 1 0 vec504 
1 0 1 0 0 1 0 1 0 0 vec505 
1 1 1 1 0 1 1 0 0 0 vec506 
1 1 1 1 0 1 1 0 0 1 vec507 
1 0 1 0 0 1 1 0 1 1 vec508 
1 1 1 1 0 1 1 1 0 1 vec509 
1 0 1 1 0 0 1 0 1 0 vec510 
1 1 1 1 1 1 1 1 0 1 vec511 
1 0 1 1 0 1 1 0 1 0 vec512 
1 1 1 1 1 1 1 1 0 0 vec513 
1 0 0 1 0 1 1 0 1 1 vec514 
1 1 0 1 0 1 1 1 1 0 vec515 
1 1 1 1 0 1 1 0 1 0 vec516 
1 0 1 1 1 0 1 0 0 0 vec517 
0 1 1 1 0 1 0 0 1 0 vec518 
0 0 1 0 0 1 0 0 0 1 vec519 
0 0 1 0 0 1 0 0 1 1 vec520 
1 0 1 1 0 1 0 1 0 0 vec521 
1 1 0 1 0 1 1 1 0 1 vec522 
1 1 0 1 1 1 0 0 1 0 vec523 
1 1 1 1 0 1 1 0 0 1 vec524 
0 1 0 1 0 1 1 0 0 1 vec525 
1 0 0 0 0 1 0 0 0 0 vec526 
1 0 1 1 1 1 1 1 0 1 vec527 
0 0 1 1 0 1 0 1 0 0 vec528 
1 1 1 0 1 1 1 1 1 1 vec529 
0 1 1 1 0 1 0 0 0 0 vec530 
1 0 1 1 0 1 0 1 0 0 vec531 
0 1 1 0 0 1 0 1 1 0 vec532 
1 0 1 0 0 1 0 0 0 1 vec533 
0 1 1 1 0 1 0 1 0 1 vec534 
1 0 1 0 0 1 0 0 1 0 vec535 
1 0 1 1 1 0 1 1 0 1 vec536 
1 1 1 1 0 1 1 1 0 1 vec537 
1 0 0 1 1 0 0 1 0 1 vec538 
0 0 1 1 0 0 1 1 0 1 vec539 
1 1 1 1 1 1 1 1 0 0 vec540 
1 1 1 1 1 0 1 0 0 0 vec541 
1 0 1 1 0 1 0 1 0 1 vec542 
1 1 1 0 1 1 0 1 0 1 vec543 
1 1 1 1 0 1 1 0 1 1 vec544 
1 1 1 0 1 1 1 1 0 1 vec545 
0 1 1 1 0 1 1 0 0 1 vec546 
1 1 0 0 1 1 1 0 1 1 vec547 
1 1 1 0 0 1 1 1 0 0 vec548 
1 1 0 1 1 1 1 1 0 0 vec549 
1 0 1 0 0 1 0 0 1 0 vec550 
0 0 1 1 0 1 1 0 0 1 vec551 
1 0 1 1 0 1 1 1 1 1 vec552 
1 1 1 1 1 0 1 1 1 1 vec553 
0 1 1 1 0 1 0 1 0 1 vec554 
1 1 0 1 0 1 1 0 0 1 vec555 
0 1 1 1 1 1 0 0 0 0 vec556 
0 1 1 0 1 1 1 0 1 0 vec557 
1 0 1 1 0 0 1 0 0 0 vec558 
1 1 1 1 1 1 1 0 1 1 vec559 
0 1 1 1 0 1 0 0 0 0 vec560 
1 1 1 1 0 1 0 0 0 1 vec561 
1 0 1 1 0 1 1 0 1 0 vec562 
1 0 1 1 0 1 1 0 1 0 vec563 
1 1 1 1 1 1 1 0 1 0 vec564 
1 1 0 1 1 1 1 1 1 1 vec565 
1 1 1 1 1 0 1 1 0 0 vec566 
1 1 0 1 1 1 1 1 0 1 vec567 
1 0 1 1 1 1 1 1 1 1 vec568 
1 1 1 0 1 1 1 1 1 1 vec569 
1 1 0 1 0 1 1 1 1 1 vec570 
1 1 1 1 1 1 1 0 1 1 vec571 
1 1 1 0 0 0 1 1 1 1 vec572 
1 1 1 0 0 1 1 0 0 1 vec573 
1 1 1 1 1 1 1 0 1 0 vec574 
0 0 0 1 0 1 1 1 1 0 vec575 
1 0 0 1 1 1 1 1 1 1 vec576 
1 1 1 1 0 1 1 0 1 1 vec577 
1 1 1 0 1 1 1 0 0 1 vec578 
0 0 1 0 0 1 0 0 0 1 vec579 
1 1 1 1 0 0 1 1 0 1 vec580 
1 1 1 0 1 1 1 1 1 1 vec581 
1 0 1 1 0 0 1 1 1 1 vec582 
1 1 0 1 1 1 1 0 0 0 vec583 
1 0 1 1 1 1 1 1 0 0 vec584 
0 0 1 0 0 1 0 0 0 1 vec585 
1 1 0 1 0 0 1 0 1 0 vec586 
1 0 1 1 1 0 1 0 0 0 vec587 
1 1 0 1 1 0 1 0 1 0 vec588 
0 1 1 1 0 1 0 0 1 1 vec589 
1 0 1 1 1 1 1 0 0 1 vec590 
1 1 0 1 1 1 1 0 1 0 vec591 
0 1 1 1 1 0 1 1 0 1 vec592 
1 0 1 1 0 1 1 1 0 0 vec593 
1 1 1 0 1 0 1 1 1 0 vec594 
1 0 0 1 0 1 1 1 0 1 vec595 
0 1 0 1 1 1 1 1 0 1 vec596 
1 1 1 1 1 1 1 1 1 0 vec597 
1 1 1 0 0 1 1 1 1 0 vec598 
0 0 1 1 0 1 1 0 0 1 vec599 
1 0 1 0 0 1 0 0 1 1 vec600 
1 1 0 1 0 1 1 0 0 1 vec601 
1 1 0 1 1 1 1 0 0 1 vec602 
1 1 1 0 1 0 1 0 0 0 vec603 
1 0 1 1 0 1 1 0 0 0 vec604 
1 1 0 1 0 1 1 1 0 0 vec605 
1 1 1 0 1 1 1 0 1 0 vec606 
1 1 1 0 1 1 0 0 0 0 vec607 
1 0 1 0 0 1 0 0 1 0 vec608 
0 0 1 1 1 1 1 0 1 0 vec609 
0 0 1 0 0 1 0 1 1 1 vec610 
1 1 1 0 1 1 0 1 0 0 vec611 
0 1 0 1 0 1 1 1 1 1 vec612 
1 1 1 1 0 1 1 0 1 0 vec613 
1 0 1 1 1 0 1 0 0 0 vec614 
1 1 0 1 0 1 1 1 1 1 vec615 
1 1 1 1 1 1 1 0 1 1 vec616 
1 1 1 1 0 1 1 0 1 0 vec617 
1 1 1 0 1 1 0 0 1 0 vec618 
0 0 1 0 1 1 0 0 0 1 vec619 
1 0 1 1 1 0 1 1 0 0 vec620 
1 0 1 1 0 1 0 1 0 0 vec621 
1 0 0 1 1 0 1 1 0 0 vec622 
0 0 1 1 0 1 0 0 0 1 vec623 
1 1 1 1 0 1 1 1 1 1 vec624 
1 0 1 1 0 1 0 0 0 0 vec625 
1 1 1 0 1 1 1 1 0 0 vec626 
1 0 1 0 0 1 0 0 1 1 vec627 
1 1 1 1 0 1 1 1 0 1 vec628 
1 1 0 1 1 1 1 1 1 1 vec629 
0 0 1 0 0 1 1 0 0 0 vec630 
1 0 1 1 0 1 1 1 1 0 vec631 
1 1 0 1 0 1 1 0 1 1 vec632 
1 1 1 1 0 1 1 1 1 0 vec633 
1 1 1 1 1 1 1 0 0 0 vec634 
1 1 1 1 1 1 1 0 1 1 vec635 
1 1 1 1 0 1 1 0 1 1 vec636 
1 1 0 1 0 1 1 1 0 1 vec637 
1 0 1 0 0 1 0 0 1 0 vec638 
1 0 1 1 1 0 0 1 1 1 vec639 
1 0 1 1 1 1 1 1 0 0 vec640 
1 0 1 1 1 1 1 1 1 1 vec641 
1 1 0 1 1 1 1 0 0 1 vec642 
0 0 1 0 0 1 0 1 1 0 vec643 
1 1 0 1 1 1 1 1 0 1 vec644 
1 1 1 0 0 1 1 0 1 0 vec645 
0 1 1 1 0 1 0 0 1 0 vec646 
1 1 0 1 1 1 1 1 0 0 vec647 
1 0 1 1 1 0 1 1 1 0 vec648 
1 0 1 1 0 1 1 1 0 0 vec649 
1 0 1 1 1 0 1 0 0 1 vec650 
1 0 1 1 1 1 1 0 1 1 vec651 
0 1 1 1 0 1 0 0 0 1 vec652 
1 1 1 1 1 1 1 1 0 1 vec653 
1 1 0 0 0 1 1 0 0 1 vec654 
1 0 0 1 0 1 1 1 1 1 vec655 
1 1 1 0 1 1 1 0 1 0 vec656 
0 1 1 1 0 1 0 1 1 0 vec657 
1 1 0 0 1 1 1 0 1 1 vec658 
0 1 1 1 0 1 0 0 1 0 vec659 
1 1 1 0 0 0 1 0 0 0 vec660 
1 0 1 0 1 0 1 0 1 0 vec661 
0 1 1 0 0 1 0 0 1 0 vec662 
0 0 1 0 0 1 0 1 1 1 vec663 
1 0 1 0 0 1 0 1 0 1 vec664 
1 1 1 0 1 1 1 0 1 0 vec665 
1 1 1 1 1 1 1 0 1 1 vec666 
0 0 1 0 1 0 1 0 1 1 vec667 
1 0 1 1 1 0 0 1 0 1 vec668 
1 0 1 1 0 1 1 0 1 0 vec669 
1 0 0 1 1 1 1 1 1 0 vec670 
0 0 1 0 1 0 0 1 0 1 vec671 
1 0 1 1 0 0 1 1 1 1 vec672 
1 1 1 1 1 1 1 0 0 0 vec673 
0 0 0 1 1 0 0 0 0 0 vec674 
0 1 0 1 1 1 1 1 0 1 vec675 
1 1 1 1 1 1 1 0 0 1 vec676 
0 1 0 1 0 1 1 0 0 0 vec677 
1 0 0 1 1 0 0 0 0 1 vec678 
0 1 0 1 0 1 1 0 0 0 vec679 
1 0 0 1 1 0 1 1 1 1 vec680 
0 0 1 1 0 0 0 1 1 1 vec681 
1 0 1 1 1 0 0 1 1 0 vec682 
1 0 1 1 0 1 1 0 1 0 vec683 
1 0 1 1 1 0 1 1 1 0 vec684 
1 0 1 1 1 1 1 0 1 0 vec685 
0 1 1 1 0 1 0 1 1 1 vec686 
1 0 1 0 0 1 0 1 1 1 vec687 
1 1 1 1 1 1 1 1 1 1 vec688 
1 1 0 1 1 1 1 0 1 0 vec689 
1 1 1 0 1 1 0 0 0 1 vec690 
1 1 1 0 1 1 1 1 0 1 vec691 
1 0 1 1 0 1 1 1 1 1 vec692 
1 1 1 0 1 1 1 1 0 1 vec693 
0 0 1 0 0 1 0 1 1 1 vec694 
0 0 1 1 0 1 0 1 1 0 vec695 
0 1 1 1 0 1 0 1 1 0 vec696 
1 0 1 0 1 1 1 1 1 1 vec697 
1 1 1 1 1 1 1 1 0 1 vec698 
0 1 0 0 0 0 0 1 1 0 vec699 
0 1 1 1 0 1 1 1 0 0 vec700 
1 1 0 0 1 1 1 1 0 1 vec701 
0 0 1 0 0 1 0 0 0 1 vec702 
1 1 0 1 0 1 1 0 0 0 vec703 
1 0 0 1 1 0 1 1 0 1 vec704 
1 1 0 1 1 1 1 1 0 1 vec705 
1 1 1 1 0 0 1 0 1 0 vec706 
1 0 1 0 1 1 1 1 1 0 vec707 
1 1 1 0 1 1 1 0 1 1 vec708 
1 1 1 1 0 1 1 0 0 1 vec709 
0 0 1 1 1 0 0 1 1 1 vec710 
0 1 1 0 0 1 0 0 0 1 vec711 
0 0 1 0 0 1 0 1 0 1 vec712 
1 1 1 1 1 1 1 1 0 0 vec713 
1 0 1 0 0 1 0 0 1 1 vec714 
1 1 0 1 1 1 1 1 1 0 vec715 
0 1 1 0 1 1 1 0 1 0 vec716 
1 1 0 0 1 1 0 0 1 0 vec717 
1 0 1 0 0 1 0 1 1 0 vec718 
1 1 1 1 0 1 1 0 1 0 vec719 
1 0 1 1 1 0 1 0 1 1 vec720 
1 0 1 1 0 1 1 1 0 0 vec721 
0 0 1 0 0 0 0 1 1 0 vec722 
1 1 0 1 0 1 1 1 1 1 vec723 
1 0 1 1 1 0 1 0 1 0 vec724 
0 1 1 1 0 1 0 1 0 1 vec725 
0 0 1 0 0 1 0 0 1 1 vec726 
1 0 1 0 1 1 1 1 1 1 vec727 
1 1 0 0 0 0 1 1 0 0 vec728 
1 1 1 0 1 1 1 1 1 1 vec729 
1 0 1 1 1 1 0 0 1 0 vec730 
1 1 0 1 0 1 0 0 0 0 vec731 
1 1 1 1 1 1 1 0 0 0 vec732 
1 1 0 1 1 1 1 1 1 0 vec733 
1 1 1 1 0 1 0 1 0 1 vec734 
1 0 1 1 1 0 1 0 0 0 vec735 
1 0 1 0 0 1 0 0 0 0 vec736 
0 0 0 1 0 0 0 0 0 0 vec737 
1 1 1 1 1 1 0 0 1 0 vec738 
1 1 1 1 1 1 1 0 0 0 vec739 
0 1 1 1 0 0 0 0 0 1 vec740 
1 1 0 0 0 1 1 0 1 1 vec741 
1 1 0 0 1 1 1 1 1 1 vec742 
1 0 1 1 1 1 1 1 0 1 vec743 
1 0 0 1 0 1 1 0 1 1 vec744 
1 1 0 1 1 1 0 0 1 0 vec745 
0 1 1 0 0 1 0 0 1 0 vec746 
1 1 0 1 0 1 1 0 0 0 vec747 
0 0 1 1 0 1 1 0 0 0 vec748 
0 0 0 0 0 1 0 0 0 1 vec749 
1 1 1 0 0 1 0 1 0 1 vec750 
1 0 1 0 0 0 0 0 0 1 vec751 
1 0 1 1 1 0 1 1 1 1 vec752 
1 0 1 0 0 1 0 1 1 0 vec753 
1 0 1 1 0 1 0 0 0 1 vec754 
0 0 1 1 1 0 1 0 0 0 vec755 
1 0 1 1 1 0 1 0 0 1 vec756 
1 0 1 1 1 0 1 0 0 0 vec757 
0 1 0 1 1 1 0 1 0 1 vec758 
1 1 1 0 1 1 0 1 0 1 vec759 
0 0 1 0 0 1 0 0 0 0 vec760 
1 0 0 1 1 1 1 0 1 0 vec761 
1 1 1 1 1 1 1 1 0 1 vec762 
1 1 0 1 1 1 1 1 0 0 vec763 
1 0 1 1 1 0 1 1 0 0 vec764 
1 1 0 1 1 1 1 0 0 1 vec765 
0 0 1 1 0 1 1 1 1 0 vec766 
1 1 1 1 1 1 1 0 1 0 vec767 
1 0 1 1 0 1 1 0 0 0 vec768 
1 1 1 1 1 0 1 1 1 0 vec769 
1 1 0 1 0 1 1 0 0 0 vec770 
1 1 1 1 0 1 0 0 1 1 vec771 
0 1 1 0 0 0 0 1 1 0 vec772 
1 1 1 1 0 0 1 1 1 1 vec773 
1 0 1 1 0 1 1 1 1 1 vec774 
1 1 0 1 1 1 1 1 0 0 vec775 
1 1 0 1 1 0 1 0 0 1 vec776 
0 1 1 1 0 1 0 1 1 0 vec777 
0 1 1 1 1 1 1 0 1 0 vec778 
1 0 1 0 0 1 0 1 0 1 vec779 
1 1 0 1 1 1 1 0 0 0 vec780 
1 1 0 1 1 1 1 1 0 1 vec781 
1 0 1 0 0 1 0 0 0 0 vec782 
0 1 1 1 0 1 0 0 1 0 vec783 
1 0 1 1 0 1 1 1 0 0 vec784 
1 1 0 1 1 0 1 1 1 0 vec785 
1 0 1 0 0 1 0 0 1 0 vec786 
0 0 1 0 0 1 0 1 1 0 vec787 
1 0 1 0 0 1 0 1 0 0 vec788 
1 1 0 1 0 1 1 1 0 0 vec789 
1 1 0 0 0 1 1 1 1 1 vec790 
1 1 1 1 0 1 0 0 0 1 vec791 
1 1 0 1 1 1 1 1 0 1 vec792 
1 1 1 1 0 1 0 0 0 1 vec793 
0 0 1 1 0 1 1 0 0 1 vec794 
1 0 1 1 1 0 0 1 0 1 vec795 
1 1 1 1 0 1 1 0 1 1 vec796 
0 1 1 1 0 1 0 0 0 1 vec797 
1 1 0 1 0 1 1 1 1 0 vec798 
1 1 0 1 0 1 1 0 0 0 vec799 
0 1 1 1 0 0 0 1 0 0 vec800 
1 1 1 0 0 1 0 1 0 1 vec801 
1 1 0 1 0 0 1 0 0 1 vec802 
1 1 0 1 0 1 1 1 0 0 vec803 
0 1 1 1 0 1 1 0 0 0 vec804 
1 1 0 1 0 1 1 1 1 1 vec805 
1 1 1 1 1 1 1 1 0 0 vec806 
1 0 1 1 1 0 1 0 0 1 vec807 
1 1 0 1 0 1 1 1 1 1 vec808 
0 0 0 1 1 1 1 0 1 1 vec809 
1 1 1 0 1 1 1 0 0 0 vec810 
1 1 1 1 0 1 1 0 0 0 vec811 
1 1 0 1 0 1 1 0 1 1 vec812 
1 1 1 1 0 0 0 1 1 1 vec813 
1 1 1 1 0 1 1 1 0 1 vec814 
1 0 1 0 0 1 0 0 1 0 vec815 
1 1 1 0 1 0 1 1 0 1 vec816 
0 0 1 0 1 0 1 1 1 1 vec817 
0 1 0 1 0 0 1 0 0 0 vec818 
1 1 1 1 1 1 1 0 1 0 vec819 
1 1 1 1 0 1 0 0 1 1 vec820 
1 0 1 0 1 1 1 0 1 1 vec821 
1 1 0 0 1 1 1 1 0 0 vec822 
0 1 0 1 0 1 1 1 1 1 vec823 
0 0 1 0 0 1 0 1 1 0 vec824 
1 1 1 1 0 0 1 1 0 1 vec825 
1 1 0 1 1 1 1 1 0 0 vec826 
0 0 1 0 0 1 0 0 1 0 vec827 
1 1 0 1 0 0 1 0 0 0 vec828 
1 1 1 1 0 1 1 1 1 0 vec829 
1 0 0 0 1 0 1 1 0 1 vec830 
0 1 0 1 0 1 0 0 0 0 vec831 
0 0 1 0 0 1 0 1 1 0 vec832 
1 1 0 0 1 1 1 1 0 0 vec833 
1 0 1 1 1 0 1 0 0 0 vec834 
1 1 0 1 0 1 1 0 0 1 vec835 
1 0 1 0 0 1 0 0 1 1 vec836 
0 1 0 1 0 1 0 1 0 1 vec837 
1 1 1 0 1 1 1 0 0 0 vec838 
1 0 0 1 0 1 1 0 1 0 vec839 
1 1 1 0 0 1 1 0 1 0 vec840 
0 0 1 1 1 0 1 0 1 1 vec841 
1 1 0 1 1 1 1 1 1 0 vec842 
1 1 0 1 1 1 1 1 1 1 vec843 
1 1 1 1 0 1 1 1 1 0 vec844 
0 0 0 0 0 1 0 1 1 1 vec845 
1 1 0 1 1 1 1 0 1 1 vec846 
1 0 1 1 0 1 1 1 1 0 vec847 
1 0 1 0 0 1 0 0 1 0 vec848 
1 1 1 1 0 1 1 0 1 0 vec849 
1 0 1 1 1 0 1 1 1 0 vec850 
0 1 1 1 0 1 0 0 1 1 vec851 
1 1 1 1 1 0 1 0 0 0 vec852 
1 1 1 0 1 0 1 0 0 1 vec853 
1 1 1 1 1 1 0 0 0 0 vec854 
1 0 1 0 0 0 0 1 1 1 vec855 
1 0 1 0 0 1 0 1 1 1 vec856 
1 1 1 1 1 1 1 0 1 0 vec857 
1 1 0 0 0 1 1 1 0 1 vec858 
1 0 1 1 0 1 1 0 0 1 vec859 
1 1 0 1 1 1 1 1 1 1 vec860 
1 1 1 1 0 1 1 1 0 0 vec861 
1 1 1 0 1 1 1 0 1 1 vec862 
0 1 1 0 0 1 0 0 0 0 vec863 
1 0 1 0 1 1 0 1 0 0 vec864 
0 0 1 0 1 0 1 1 0 0 vec865 
0 1 0 0 1 1 1 0 0 0 vec866 
1 0 1 0 0 1 0 1 0 0 vec867 
1 1 1 0 1 1 1 0 1 0 vec868 
1 1 0 1 1 1 1 0 1 1 vec869 
1 0 1 1 0 1 0 1 0 1 vec870 
0 1 0 1 1 1 1 1 1 1 vec871 
1 1 0 1 0 0 1 1 0 0 vec872 
1 0 1 1 0 1 1 1 1 1 vec873 
1 1 0 1 0 1 1 0 0 1 vec874 
1 1 0 0 1 1 1 0 0 1 vec875 
0 1 1 0 0 1 0 1 0 0 vec876 
1 1 0 1 1 0 1 0 1 1 vec877 
1 1 1 0 1 1 1 1 1 1 vec878 
1 1 0 1 0 1 1 0 0 0 vec879 
0 0 1 0 0 0 0 1 1 1 vec880 
1 1 1 1 0 0 1 0 1 1 vec881 
1 1 0 1 1 1 1 1 1 1 vec882 
1 1 1 0 1 1 1 1 1 1 vec883 
1 0 1 1 1 0 1 1 0 1 vec884 
1 1 0 1 0 1 1 1 1 0 vec885 
1 1 0 1 0 1 1 1 1 0 vec886 
1 1 1 0 1 1 1 0 0 1 vec887 
1 0 1 1 0 1 1 0 1 1 vec888 
1 0 1 1 1 0 1 0 0 0 vec889 
1 0 0 1 1 1 1 0 0 0 vec890 
0 1 1 1 0 1 0 0 1 0 vec891 
1 0 1 1 1 0 1 1 0 1 vec892 
1 0 1 1 0 1 1 0 1 0 vec893 
1 1 1 0 1 1 1 1 0 1 vec894 
1 0 1 0 0 1 0 0 1 1 vec895 
0 1 0 1 0 1 1 1 1 0 vec896 
1 1 0 0 1 1 1 0 1 1 vec897 
1 1 0 1 0 1 0 0 1 0 vec898 
1 0 1 1 0 1 1 0 0 1 vec899 
1 1 1 1 0 1 1 0 1 0 vec900 
1 1 1 1 0 0 1 0 0 0 vec901 
1 0 1 1 0 1 0 0 1 0 vec902 
1 1 1 0 0 1 0 1 1 1 vec903 
1 0 0 1 0 0 1 0 1 0 vec904 
1 0 1 1 0 1 1 0 1 0 vec905 
0 1 0 1 0 1 0 0 1 0 vec906 
1 1 0 1 1 0 1 0 0 0 vec907 
0 0 1 1 1 1 0 1 0 1 vec908 
1 0 0 1 0 1 1 1 1 0 vec909 
1 1 0 1 1 1 1 0 0 1 vec910 
1 1 1 1 0 1 1 1 0 1 vec911 
1 1 1 1 0 1 1 0 0 0 vec912 
0 1 1 1 0 1 1 1 0 0 vec913 
1 1 1 1 1 1 1 1 0 1 vec914 
1 1 0 1 0 1 1 1 1 1 vec915 
1 1 1 1 0 1 1 1 0 0 vec916 
1 0 1 1 0 1 1 1 0 1 vec917 
1 1 0 1 0 1 1 0 0 0 vec918 
0 0 1 0 0 1 0 0 0 1 vec919 
0 1 0 1 0 1 1 0 1 0 vec920 
1 0 1 0 0 1 0 1 0 0 vec921 
0 0 1 0 0 1 0 1 1 0 vec922 
0 1 1 1 0 1 0 1 0 1 vec923 
1 0 1 1 0 1 0 0 0 0 vec924 
1 1 0 1 1 1 1 1 1 1 vec925 
1 1 0 0 1 1 0 0 1 0 vec926 
1 0 1 0 0 1 1 0 0 1 vec927 
1 1 1 0 1 1 1 0 0 0 vec928 
1 0 1 0 0 0 0 0 0 0 vec929 
1 1 1 0 1 1 1 1 0 0 vec930 
1 0 1 0 1 0 1 0 1 0 vec931 
1 0 0 1 0 1 1 0 1 0 vec932 
1 1 0 1 1 1 1 0 0 1 vec933 
1 0 1 1 0 1 1 0 1 0 vec934 
1 1 1 1 0 1 0 0 1 0 vec935 
1 0 1 1 0 1 0 0 0 1 vec936 
1 0 1 0 0 1 0 1 0 1 vec937 
1 1 1 0 0 0 0 1 0 0 vec938 
1 0 1 0 1 1 1 0 0 1 vec939 
1 1 1 0 1 1 1 0 1 1 vec940 
1 0 1 1 1 0 1 0 0 0 vec941 
1 0 1 0 1 0 1 1 1 0 vec942 
0 1 1 1 0 1 0 0 1 1 vec943 
1 0 1 1 0 1 1 1 0 0 vec944 
1 0 0 0 0 1 1 0 1 1 vec945 
1 1 0 1 0 1 0 0 1 1 vec946 
1 0 0 0 0 1 1 1 0 1 vec947 
1 0 1 0 0 1 0 0 0 1 vec948 
1 0 1 0 0 1 0 1 0 0 vec949 
0 1 1 1 0 1 0 1 0 1 vec950 
0 0 1 0 0 1 0 0 1 1 vec951 
1 0 1 0 1 1 1 0 1 0 vec952 
0 1 1 1 0 1 0 1 1 1 vec953 
1 1 0 1 0 0 1 1 0 1 vec954 
0 1 1 0 0 1 0 1 1 0 vec955 
1 1 1 1 0 1 1 0 0 0 vec956 
1 0 1 1 1 0 0 1 1 0 vec957 
1 1 1 1 1 1 1 1 1 1 vec958 
1 0 1 0 1 1 0 1 0 1 vec959 
0 0 0 0 0 1 0 1 0 0 vec960 
1 0 1 1 1 0 1 1 1 0 vec961 
1 1 1 1 1 1 0 0 1 1 vec962 
0 0 1 0 0 1 0 0 1 1 vec963 
1 1 1 1 1 1 1 0 1 1 vec964 
1 1 1 1 0 1 1 1 0 1 vec965 
1 1 1 1 0 0 1 0 1 1 vec966 
1 1 1 1 1 1 1 0 1 0 vec967 
1 0 0 1 1 0 1 0 0 1 vec968 
1 1 1 1 1 1 1 1 0 0 vec969 
1 0 1 0 0 1 1 0 1 0 vec970 
1 0 1 0 0 1 0 0 0 1 vec971 
1 1 0 1 0 1 1 1 0 1 vec972 
0 1 1 0 1 1 1 1 1 0 vec973 
1 0 1 1 1 1 1 1 1 0 vec974 
1 0 1 1 1 0 1 1 1 0 vec975 
1 0 1 0 0 0 0 1 1 0 vec976 
1 0 1 1 0 1 1 1 0 0 vec977 
1 0 1 1 0 1 1 0 0 1 vec978 
1 1 0 1 0 1 0 0 0 1 vec979 
1 0 0 0 0 1 0 1 0 1 vec980 
1 0 1 0 0 1 0 0 0 0 vec981 
1 1 1 1 1 1 1 0 1 1 vec982 
1 1 1 1 1 1 1 1 0 1 vec983 
1 1 1 1 0 1 0 1 1 1 vec984 
1 0 1 1 1 0 1 0 1 1 vec985 
1 1 1 0 1 1 1 1 0 0 vec986 
0 1 1 1 0 1 1 0 1 1 vec987 
1 1 1 1 0 1 1 1 0 1 vec988 
0 0 1 0 1 1 0 1 1 0 vec989 
1 1 0 1 1 1 1 1 0 0 vec990 
1 0 0 1 0 1 0 1 1 0 vec991 
1 0 1 1 1 1 1 0 1 0 vec992 
1 1 1 1 0 1 0 0 0 1 vec993 
1 0 1 1 0 1 1 1 0 1 vec994 
1 0 0 1 1 0 1 1 1 1 vec995 
1 0 1 1 1 0 0 0 1 0 vec996 
1 1 0 1 0 1 1 1 1 1 vec997 
1 1 1 0 0 0 0 1 0 0 vec998 
1 0 1 0 1 0 0 1 1 1 vec999 
0 0 0 0 0 1 0 1 0 0 vec1000 
1 1 1 0 1 1 1 0 1 1 vec1001 
0 0 0 1 1 0 1 0 0 1 vec1002 
1 1 1 0 1 1 0 1 0 1 vec1003 
1 1 1 0 1 1 1 1 1 1 vec1004 
1 0 1 1 0 1 1 0 1 0 vec1005 
1 0 1 1 0 0 1 0 0 0 vec1006 
1 0 1 0 0 0 1 0 0 0 vec1007 
1 1 1 1 0 1 1 0 1 1 vec1008 
0 0 0 0 0 1 0 1 0 0 vec1009 
1 0 1 0 1 1 0 1 1 0 vec1010 
1 1 1 0 0 1 1 0 0 1 vec1011 
1 1 1 0 1 1 1 1 1 0 vec1012 
1 1 1 1 0 1 1 1 0 0 vec1013 
0 1 1 1 0 1 0 0 1 1 vec1014 
0 0 1 0 0 1 0 0 1 1 vec1015 
1 0 1 1 1 1 1 0 0 1 vec1016 
1 1 1 0 0 1 1 0 1 0 vec1017 
0 1 1 1 0 1 1 1 1 1 vec1018 
1 1 1 1 0 1 1 0 0 1 vec1019 
1 1 0 1 1 1 1 0 1 1 vec1020 
0 0 1 0 0 1 1 0 1 0 vec1021 
1 0 1 0 0 1 1 0 1 0 vec1022 
1 1 1 0 1 1 1 0 0 1 vec1023 
1 1 1 0 1 0 1 0 0 0 vec1024 
1 1 0 0 0 1 0 1 1 1 vec1025 
1 1 1 1 1 1 1 0 0 0 vec1026 
0 1 0 1 0 1 1 0 0 1 vec1027 
0 1 1 1 0 1 0 0 1 0 vec1028 
1 0 1 1 1 0 1 1 1 1 vec1029 
1 0 1 0 1 1 0 0 0 1 vec1030 
1 1 1 1 0 1 1 0 0 1 vec1031 
0 1 0 0 1 1 0 0 0 0 vec1032 
1 1 1 0 0 1 0 0 0 0 vec1033 
0 0 1 0 0 1 0 0 0 0 vec1034 
1 1 1 1 0 1 0 1 1 0 vec1035 
0 1 1 1 1 1 1 0 0 0 vec1036 
1 0 1 1 1 0 1 1 0 1 vec1037 
1 0 0 1 1 0 0 1 1 0 vec1038 
1 1 1 1 0 1 1 1 1 1 vec1039 
0 1 1 1 1 1 1 0 0 0 vec1040 
1 0 1 0 0 1 1 0 0 1 vec1041 
1 0 1 0 1 1 0 0 0 1 vec1042 
1 1 1 1 0 1 1 0 0 0 vec1043 
1 0 1 0 0 1 0 0 0 0 vec1044 
0 0 1 0 0 1 0 1 1 0 vec1045 
1 1 1 1 1 1 1 1 0 0 vec1046 
1 0 0 1 0 1 1 1 0 0 vec1047 
1 1 0 1 1 1 1 1 0 0 vec1048 
1 1 0 1 1 0 1 1 0 1 vec1049 
0 1 1 1 0 1 0 1 0 0 vec1050 
0 0 1 0 0 1 0 0 1 0 vec1051 
1 1 1 1 1 1 1 1 0 1 vec1052 
0 1 1 0 1 1 0 1 0 1 vec1053 
1 1 1 1 0 1 1 0 1 1 vec1054 
1 1 1 0 1 0 1 0 1 0 vec1055 
1 1 0 1 0 1 1 0 1 0 vec1056 
0 1 1 1 0 1 0 1 0 0 vec1057 
0 1 1 1 0 1 0 1 0 0 vec1058 
1 0 0 0 0 1 0 0 0 1 vec1059 
0 1 1 1 1 1 1 0 1 1 vec1060 
1 1 1 1 1 0 1 0 0 0 vec1061 
0 1 1 1 0 1 0 0 1 1 vec1062 
1 0 1 1 0 1 1 0 1 0 vec1063 
1 1 1 1 0 1 1 0 0 0 vec1064 
1 0 1 1 0 1 1 1 0 1 vec1065 
1 1 1 1 0 1 0 1 1 0 vec1066 
1 0 0 1 1 0 1 0 1 1 vec1067 
0 1 1 0 1 1 0 1 0 1 vec1068 
1 1 1 1 0 1 1 0 1 1 vec1069 
1 1 1 1 1 1 0 1 0 0 vec1070 
1 1 1 1 1 1 0 0 1 0 vec1071 
0 0 1 0 0 1 0 0 0 1 vec1072 
1 0 0 0 0 1 0 1 0 0 vec1073 
1 0 1 1 1 0 1 1 0 1 vec1074 
1 1 0 1 0 1 1 1 1 1 vec1075 
0 1 0 1 1 1 1 0 1 1 vec1076 
0 1 1 1 0 1 0 1 0 1 vec1077 
0 1 1 1 0 1 0 0 1 1 vec1078 
0 1 1 1 0 1 0 1 0 1 vec1079 
1 0 1 1 0 1 1 1 0 1 vec1080 
1 1 0 1 0 1 1 0 1 0 vec1081 
1 1 1 1 0 1 1 1 1 0 vec1082 
0 0 1 0 0 1 0 0 0 1 vec1083 
1 0 1 1 0 1 1 0 1 1 vec1084 
1 0 0 1 0 1 1 0 0 0 vec1085 
1 0 1 1 0 1 1 0 0 1 vec1086 
0 1 1 1 0 1 1 1 0 0 vec1087 
0 1 1 0 0 1 1 0 1 1 vec1088 
1 1 1 1 0 0 1 0 0 0 vec1089 
0 0 1 0 0 1 0 1 0 1 vec1090 
0 1 0 0 0 1 0 1 1 0 vec1091 
1 0 1 1 1 0 1 1 0 0 vec1092 
0 1 0 0 0 1 1 1 1 0 vec1093 
1 0 1 0 0 1 1 0 0 1 vec1094 
0 0 1 1 0 1 0 1 0 0 vec1095 
0 1 1 1 0 0 0 0 0 1 vec1096 
0 1 0 0 0 1 0 0 0 0 vec1097 
1 1 1 1 0 1 0 1 0 0 vec1098 
1 1 1 0 1 1 1 0 1 1 vec1099 
1 0 1 0 0 1 0 1 1 1 vec1100 
0 1 1 1 0 0 0 1 1 1 vec1101 
1 0 0 1 0 1 1 1 1 1 vec1102 
1 0 1 1 0 1 1 0 1 1 vec1103 
1 0 1 1 0 1 1 0 1 1 vec1104 
1 0 1 1 0 0 0 0 1 1 vec1105 
1 0 1 0 0 1 0 1 0 1 vec1106 
1 1 1 0 0 1 0 1 1 0 vec1107 
1 0 1 1 1 1 1 1 0 1 vec1108 
1 1 0 1 1 1 1 1 0 1 vec1109 
1 1 1 1 0 1 1 1 1 1 vec1110 
0 0 1 0 0 0 0 0 1 1 vec1111 
0 1 1 1 0 1 0 0 0 1 vec1112 
0 0 1 0 0 1 0 0 0 0 vec1113 
0 1 1 1 0 1 0 0 1 0 vec1114 
1 0 1 0 0 1 0 1 0 0 vec1115 
1 1 1 1 0 1 1 0 1 1 vec1116 
1 1 1 1 0 1 1 0 0 1 vec1117 
1 1 1 0 1 1 1 1 1 0 vec1118 
1 1 1 0 1 1 1 0 1 1 vec1119 
1 0 1 1 0 1 1 1 0 0 vec1120 
1 1 0 1 1 1 1 1 0 1 vec1121 
1 0 1 1 1 0 1 0 1 1 vec1122 
1 1 0 1 0 0 1 1 1 0 vec1123 
1 0 1 1 1 0 1 0 1 0 vec1124 
1 1 1 0 1 1 1 1 1 1 vec1125 
1 0 1 0 1 1 0 0 0 1 vec1126 
0 1 1 1 0 1 0 0 1 0 vec1127 
0 0 1 0 0 1 0 1 0 0 vec1128 
1 0 1 1 1 1 1 1 0 0 vec1129 
1 0 1 1 0 1 1 1 0 1 vec1130 
1 0 0 0 1 0 1 1 1 0 vec1131 
1 1 1 1 0 1 1 0 1 1 vec1132 
1 1 0 1 0 1 0 1 1 1 vec1133 
0 0 1 1 0 1 0 1 0 1 vec1134 
1 1 0 1 1 1 0 1 1 0 vec1135 
0 1 1 1 1 1 1 1 0 0 vec1136 
1 0 1 1 0 0 1 0 0 0 vec1137 
1 1 1 1 1 0 0 0 0 0 vec1138 
1 0 0 0 0 1 0 0 1 1 vec1139 
1 0 1 0 0 1 0 1 0 1 vec1140 
1 0 1 0 0 1 0 0 0 0 vec1141 
1 1 1 0 0 1 1 0 0 1 vec1142 
1 0 1 1 1 1 1 0 1 1 vec1143 
1 0 1 1 1 1 1 0 0 1 vec1144 
1 0 1 1 1 0 1 1 0 1 vec1145 
1 0 0 1 0 1 1 0 0 1 vec1146 
1 0 1 0 1 1 1 1 1 1 vec1147 
1 1 0 1 1 1 1 1 1 1 vec1148 
0 0 1 0 0 1 0 1 1 0 vec1149 
1 1 1 0 1 1 1 0 1 1 vec1150 
1 0 1 1 0 0 1 0 1 0 vec1151 
1 1 1 0 0 1 0 1 0 1 vec1152 
1 0 1 1 0 1 1 0 1 1 vec1153 
0 0 0 0 0 0 0 0 1 1 vec1154 
1 1 1 0 1 0 0 0 1 1 vec1155 
1 0 1 1 1 0 1 1 0 0 vec1156 
1 1 0 1 1 1 0 0 1 0 vec1157 
0 0 1 1 1 1 0 1 0 0 vec1158 
0 0 1 0 0 0 0 0 1 0 vec1159 
1 1 0 1 1 1 1 0 1 1 vec1160 
0 0 1 0 1 0 1 0 1 0 vec1161 
1 1 1 0 1 1 1 0 1 0 vec1162 
1 1 0 0 1 1 1 1 0 1 vec1163 
1 0 1 0 0 1 0 1 0 0 vec1164 
1 1 1 1 1 0 1 0 1 0 vec1165 
1 0 1 1 0 0 1 0 1 1 vec1166 
1 1 1 0 1 0 1 0 1 1 vec1167 
1 1 1 0 1 1 1 0 1 0 vec1168 
0 0 1 1 0 1 0 1 0 1 vec1169 
1 0 1 0 0 1 0 0 0 1 vec1170 
1 0 1 1 0 1 1 0 1 1 vec1171 
1 1 0 1 0 1 1 0 1 0 vec1172 
1 0 1 1 1 1 1 1 1 1 vec1173 
1 1 0 0 0 1 0 1 0 0 vec1174 
1 0 1 1 1 0 1 1 1 1 vec1175 
1 1 1 1 0 1 1 0 0 1 vec1176 
1 0 0 1 1 0 1 1 0 1 vec1177 
1 1 0 1 0 1 1 0 1 1 vec1178 
1 0 1 1 1 0 1 1 1 1 vec1179 
1 1 1 1 1 1 1 1 1 1 vec1180 
1 1 0 1 1 1 1 1 0 0 vec1181 
1 1 1 0 1 1 1 1 0 1 vec1182 
1 0 1 1 1 0 1 0 1 0 vec1183 
0 0 1 1 0 1 1 0 0 1 vec1184 
1 1 1 1 1 1 1 0 0 0 vec1185 
1 1 1 1 0 1 1 0 1 0 vec1186 
1 0 1 1 0 0 1 1 1 1 vec1187 
1 1 0 0 0 1 1 1 0 1 vec1188 
1 0 1 0 1 1 0 1 0 1 vec1189 
0 0 1 1 1 0 1 0 0 1 vec1190 
0 1 1 0 0 1 0 1 0 0 vec1191 
0 0 1 1 1 1 1 1 0 1 vec1192 
1 0 0 0 0 0 0 0 1 1 vec1193 
1 1 1 1 1 1 1 0 1 1 vec1194 
1 1 1 0 1 1 1 1 1 1 vec1195 
0 1 0 1 0 1 0 0 0 0 vec1196 
0 0 0 0 0 1 0 0 1 1 vec1197 
1 1 0 1 1 1 0 0 0 1 vec1198 
1 0 1 0 0 1 0 1 1 1 vec1199 
1 1 1 0 1 1 1 1 1 1 vec1200 
1 0 1 1 1 0 1 0 1 1 vec1201 
1 0 1 1 0 1 0 1 0 0 vec1202 
1 1 1 0 1 1 1 1 1 1 vec1203 
1 0 1 0 1 1 1 0 0 1 vec1204 
1 1 1 1 1 1 1 1 0 1 vec1205 
0 1 1 1 0 1 0 1 0 1 vec1206 
1 0 1 0 0 1 1 1 1 1 vec1207 
1 0 1 1 0 1 1 0 0 1 vec1208 
0 0 0 1 1 0 1 0 0 1 vec1209 
1 1 1 1 1 1 1 0 1 0 vec1210 
0 1 1 1 0 1 0 0 0 0 vec1211 
1 0 0 0 0 1 1 1 1 0 vec1212 
1 1 0 1 0 0 1 0 0 1 vec1213 
1 1 0 1 0 1 1 1 0 0 vec1214 
1 1 1 1 1 1 1 1 1 0 vec1215 
0 1 0 1 0 1 1 1 1 1 vec1216 
1 1 0 1 0 1 1 0 0 0 vec1217 
1 0 1 1 0 1 1 0 0 0 vec1218 
1 0 1 1 1 0 1 0 0 1 vec1219 
1 0 1 1 0 1 1 1 1 1 vec1220 
0 0 1 0 0 1 1 1 1 0 vec1221 
1 1 0 1 0 1 1 0 0 0 vec1222 
1 0 1 1 1 0 1 1 1 0 vec1223 
0 1 1 1 1 1 1 1 0 0 vec1224 
0 0 1 0 0 1 0 1 0 1 vec1225 
0 1 1 0 0 1 1 1 0 1 vec1226 
1 1 1 1 1 1 1 1 0 0 vec1227 
1 1 0 1 1 1 1 0 0 1 vec1228 
0 0 1 1 0 0 1 1 1 0 vec1229 
1 0 1 0 0 0 0 1 1 0 vec1230 
1 1 0 1 1 0 1 0 0 0 vec1231 
0 0 1 0 0 1 0 0 1 1 vec1232 
1 1 1 1 0 1 1 0 1 0 vec1233 
0 1 1 0 1 1 0 1 0 0 vec1234 
1 1 0 1 1 1 1 0 0 1 vec1235 
1 0 1 1 0 1 0 1 1 1 vec1236 
1 1 1 1 0 1 1 0 0 1 vec1237 
1 1 1 1 1 1 1 0 1 1 vec1238 
1 0 1 0 0 1 0 1 1 1 vec1239 
0 1 1 1 0 1 0 1 0 0 vec1240 
1 0 1 0 0 1 0 1 1 0 vec1241 
1 1 0 1 0 1 1 0 1 0 vec1242 
1 1 1 1 1 1 1 0 1 0 vec1243 
1 0 1 0 0 1 0 0 1 0 vec1244 
1 0 1 1 1 0 0 0 0 1 vec1245 
1 0 1 1 1 1 1 0 0 1 vec1246 
0 0 1 0 1 1 0 0 0 1 vec1247 
0 1 1 1 0 1 0 1 0 1 vec1248 
0 1 1 1 0 1 0 0 1 1 vec1249 
1 0 1 1 0 1 1 1 0 1 vec1250 
1 0 1 1 0 1 1 0 1 0 vec1251 
1 1 0 1 1 1 0 1 1 1 vec1252 
1 1 1 1 0 0 1 1 0 0 vec1253 
1 0 1 0 0 1 1 0 1 1 vec1254 
0 0 1 0 0 1 0 1 0 1 vec1255 
1 0 1 0 0 1 0 0 0 0 vec1256 
1 1 0 0 0 1 1 1 0 1 vec1257 
1 0 1 0 0 1 1 0 1 0 vec1258 
1 1 1 1 1 0 0 1 0 0 vec1259 
1 1 1 0 0 1 1 0 1 1 vec1260 
1 0 1 1 1 0 0 0 1 0 vec1261 
0 1 1 1 0 1 0 0 1 0 vec1262 
0 0 1 1 1 1 1 1 0 0 vec1263 
1 0 1 1 0 1 1 1 0 1 vec1264 
1 0 1 1 1 0 1 1 0 0 vec1265 
1 0 1 1 1 0 1 1 0 0 vec1266 
0 0 1 0 0 1 0 1 1 1 vec1267 
1 1 1 1 0 1 1 1 1 0 vec1268 
0 0 0 1 0 1 1 0 0 1 vec1269 
1 0 1 1 0 1 1 0 1 1 vec1270 
1 1 1 0 1 0 1 1 1 0 vec1271 
1 1 0 1 1 1 1 1 0 1 vec1272 
1 1 1 1 0 0 1 1 1 0 vec1273 
1 0 1 1 0 1 1 1 1 0 vec1274 
1 1 0 0 0 1 1 1 1 1 vec1275 
1 0 1 0 0 1 0 0 1 0 vec1276 
1 1 1 1 1 1 1 1 1 1 vec1277 
1 1 0 0 0 1 1 0 0 1 vec1278 
1 1 0 1 1 1 1 1 0 1 vec1279 
1 0 1 1 1 0 1 0 0 1 vec1280 
1 0 0 0 0 0 0 1 1 0 vec1281 
0 1 1 1 0 0 1 1 1 0 vec1282 
1 1 1 0 0 1 1 0 0 1 vec1283 
1 1 0 1 0 1 1 0 0 0 vec1284 
1 1 0 1 1 1 1 1 0 1 vec1285 
1 0 1 1 1 0 1 1 0 1 vec1286 
1 1 0 1 0 1 0 1 1 0 vec1287 
1 1 0 1 1 1 1 1 0 0 vec1288 
1 1 1 1 0 1 1 1 1 0 vec1289 
1 1 1 1 0 1 1 0 1 1 vec1290 
0 1 1 1 0 1 0 1 0 0 vec1291 
1 1 1 0 0 1 1 1 1 1 vec1292 
1 1 0 1 1 1 1 1 1 1 vec1293 
0 0 1 0 0 1 0 1 0 0 vec1294 
1 0 1 1 1 1 0 0 0 0 vec1295 
1 1 0 1 0 1 1 1 1 1 vec1296 
1 0 1 1 0 1 1 1 1 0 vec1297 
0 1 1 0 0 1 0 0 1 0 vec1298 
1 0 1 1 0 1 1 0 0 0 vec1299 
1 1 0 1 1 1 1 1 0 0 vec1300 
0 0 1 0 0 1 0 0 0 0 vec1301 
1 1 1 0 0 1 1 1 0 1 vec1302 
0 0 1 0 0 1 0 0 1 0 vec1303 
1 0 1 1 0 1 0 0 0 0 vec1304 
1 1 0 1 1 1 1 0 0 1 vec1305 
0 1 1 1 0 1 0 1 1 1 vec1306 
1 1 1 0 1 1 1 1 1 1 vec1307 
0 0 1 0 0 1 0 0 1 0 vec1308 
1 1 0 1 0 1 1 1 0 0 vec1309 
1 0 1 1 0 1 1 0 1 1 vec1310 
1 1 0 1 1 1 1 1 0 1 vec1311 
0 1 1 0 0 1 0 0 1 1 vec1312 
1 1 0 1 1 1 0 0 0 1 vec1313 
1 0 1 1 1 0 1 1 0 0 vec1314 
0 0 1 0 0 1 0 0 1 1 vec1315 
1 1 0 1 0 0 1 0 1 1 vec1316 
1 1 1 0 1 1 1 0 1 1 vec1317 
0 0 1 0 0 1 0 1 0 1 vec1318 
1 0 1 1 1 1 1 0 1 0 vec1319 
1 0 1 1 1 0 1 1 0 1 vec1320 
1 1 1 0 1 1 1 0 1 1 vec1321 
1 1 0 0 1 1 1 0 0 0 vec1322 
1 1 1 0 1 1 1 1 1 0 vec1323 
1 0 1 1 0 1 1 1 0 1 vec1324 
0 0 1 1 0 1 0 0 1 1 vec1325 
1 0 1 1 0 1 1 0 1 0 vec1326 
1 0 1 1 0 1 1 0 0 0 vec1327 
1 1 1 1 1 1 1 1 1 0 vec1328 
1 0 1 1 1 0 1 0 1 1 vec1329 
0 0 1 0 0 1 0 1 1 0 vec1330 
1 1 0 1 0 1 1 1 1 0 vec1331 
1 0 1 0 0 1 0 1 1 1 vec1332 
1 1 0 1 0 1 1 1 1 0 vec1333 
1 0 1 1 1 0 1 1 1 1 vec1334 
1 0 1 0 1 1 0 0 0 1 vec1335 
1 1 1 0 1 1 1 0 1 0 vec1336 
0 1 0 1 0 1 1 1 1 0 vec1337 
1 1 1 1 1 1 1 1 1 1 vec1338 
0 0 1 0 0 1 0 0 0 1 vec1339 
1 1 1 1 0 1 1 1 0 1 vec1340 
1 0 1 0 0 1 0 0 0 1 vec1341 
0 0 1 0 0 1 1 0 1 0 vec1342 
1 1 0 1 1 1 1 1 1 0 vec1343 
0 0 1 1 0 1 0 0 0 0 vec1344 
1 0 1 0 0 1 0 1 0 0 vec1345 
1 1 1 1 1 0 1 0 1 0 vec1346 
1 1 1 1 0 1 1 1 1 1 vec1347 
0 1 1 0 1 1 1 1 0 1 vec1348 
0 1 0 0 0 1 1 1 1 0 vec1349 
1 0 1 1 0 1 1 1 0 0 vec1350 
1 0 1 0 1 1 1 0 1 1 vec1351 
0 1 1 1 0 1 0 1 1 1 vec1352 
0 1 1 0 0 1 0 1 1 0 vec1353 
1 1 1 0 1 1 1 0 1 0 vec1354 
1 1 0 0 0 1 1 0 1 1 vec1355 
0 0 1 0 0 1 0 1 1 1 vec1356 
0 1 1 1 0 1 0 0 1 0 vec1357 
1 0 0 1 1 0 1 1 0 1 vec1358 
1 1 0 1 0 1 1 0 1 0 vec1359 
1 1 1 1 0 0 1 0 0 0 vec1360 
1 1 1 0 1 1 1 1 1 0 vec1361 
1 1 1 1 1 1 1 1 0 1 vec1362 
1 1 0 1 1 1 1 1 0 0 vec1363 
1 0 0 1 0 1 1 0 0 1 vec1364 
0 1 1 1 0 1 0 0 0 1 vec1365 
1 0 1 1 0 1 0 0 0 1 vec1366 
0 0 1 0 1 1 0 1 0 1 vec1367 
1 1 0 0 1 1 1 0 0 1 vec1368 
1 0 1 1 0 1 1 1 1 0 vec1369 
1 1 1 1 0 1 1 1 0 1 vec1370 
1 0 0 1 0 1 1 1 1 0 vec1371 
1 1 0 0 0 1 1 1 1 0 vec1372 
0 0 1 0 0 1 0 0 1 0 vec1373 
0 1 1 0 0 1 1 0 0 0 vec1374 
1 1 1 0 1 1 1 0 0 1 vec1375 
1 1 1 0 0 1 0 1 0 0 vec1376 
1 1 1 0 1 1 0 0 1 1 vec1377 
0 1 1 1 1 1 0 1 1 1 vec1378 
1 1 0 0 1 0 1 0 1 1 vec1379 
0 0 0 0 0 1 0 1 0 0 vec1380 
0 1 0 1 1 1 1 1 1 0 vec1381 
1 0 1 1 1 1 1 0 0 0 vec1382 
1 1 1 1 0 1 1 0 0 1 vec1383 
1 1 0 1 0 0 1 1 0 1 vec1384 
0 1 1 0 0 1 0 0 0 1 vec1385 
1 1 1 0 1 1 1 1 1 0 vec1386 
0 0 0 0 0 1 0 1 1 0 vec1387 
1 1 1 0 1 1 1 0 1 1 vec1388 
1 1 0 1 1 1 1 1 1 0 vec1389 
1 0 1 0 0 1 1 1 1 1 vec1390 
0 0 0 0 0 1 0 0 1 0 vec1391 
0 0 1 0 0 1 0 1 1 1 vec1392 
1 0 1 1 0 1 1 0 0 1 vec1393 
1 1 1 0 1 0 1 1 0 1 vec1394 
1 0 1 1 0 1 1 1 0 0 vec1395 
1 1 0 1 0 1 1 1 1 0 vec1396 
0 0 1 1 0 1 1 0 0 1 vec1397 
1 1 1 0 0 0 0 0 1 1 vec1398 
1 0 1 1 0 1 1 1 1 0 vec1399 
1 1 1 1 1 0 0 0 0 0 vec1400 
1 0 1 0 0 1 0 1 1 0 vec1401 
1 1 1 0 1 1 0 0 0 1 vec1402 
1 1 1 1 0 0 1 1 1 0 vec1403 
1 1 1 1 0 1 1 1 0 1 vec1404 
1 0 0 1 1 1 1 1 0 1 vec1405 
0 1 1 1 0 1 0 0 1 0 vec1406 
1 1 1 0 1 1 1 1 1 1 vec1407 
1 1 1 1 0 1 1 1 0 0 vec1408 
1 1 0 1 0 0 1 0 0 0 vec1409 
1 0 1 1 1 0 1 0 0 1 vec1410 
1 1 1 1 0 1 1 0 0 0 vec1411 
0 1 1 1 0 1 0 1 0 1 vec1412 
1 1 1 1 0 1 1 0 1 0 vec1413 
0 1 0 1 1 1 1 0 1 1 vec1414 
0 0 1 1 0 1 0 1 0 0 vec1415 
1 0 1 0 0 1 0 0 1 0 vec1416 
1 1 1 1 1 1 1 1 0 1 vec1417 
1 1 1 1 1 1 1 0 1 1 vec1418 
0 1 0 1 0 0 1 1 0 1 vec1419 
0 0 1 1 1 0 1 1 1 1 vec1420 
1 1 1 1 0 1 0 0 1 0 vec1421 
0 1 0 1 0 0 1 1 0 1 vec1422 
1 1 1 1 1 1 1 1 1 1 vec1423 
1 0 1 1 1 0 1 1 0 1 vec1424 
1 1 0 1 1 1 1 1 1 1 vec1425 
0 1 0 1 1 1 1 0 1 0 vec1426 
1 1 1 0 1 1 1 0 1 0 vec1427 
1 1 1 1 0 0 1 0 1 0 vec1428 
1 1 0 1 1 0 1 0 1 1 vec1429 
1 1 1 0 1 1 1 1 0 1 vec1430 
0 0 1 1 0 1 1 1 0 1 vec1431 
1 0 1 0 0 1 0 1 0 1 vec1432 
1 0 1 0 1 0 1 0 0 0 vec1433 
1 1 1 1 0 0 1 1 0 0 vec1434 
0 0 1 0 1 1 0 0 1 0 vec1435 
0 0 1 1 1 0 1 1 0 1 vec1436 
0 1 1 1 1 1 0 0 0 0 vec1437 
1 1 1 0 1 1 1 1 1 1 vec1438 
1 1 0 1 0 1 1 1 0 1 vec1439 
1 0 1 1 1 1 1 1 0 1 vec1440 
1 0 1 0 0 1 0 1 0 1 vec1441 
0 1 1 1 0 1 1 0 1 0 vec1442 
1 1 1 1 0 1 0 1 0 1 vec1443 
1 1 1 1 1 1 0 1 0 0 vec1444 
1 1 0 0 1 1 1 0 1 0 vec1445 
1 0 1 0 0 1 0 0 1 1 vec1446 
1 1 0 1 0 1 1 0 0 1 vec1447 
1 1 0 1 0 1 1 1 1 0 vec1448 
1 1 1 0 1 1 1 1 1 1 vec1449 
1 0 0 1 1 1 1 1 0 1 vec1450 
1 0 1 0 0 1 0 1 0 1 vec1451 
1 0 1 0 0 1 1 1 1 0 vec1452 
1 1 1 1 1 1 1 1 1 0 vec1453 
1 0 1 1 1 1 1 1 0 0 vec1454 
0 0 0 0 1 1 0 1 0 0 vec1455 
1 0 1 1 1 1 1 1 1 1 vec1456 
0 1 1 1 0 1 0 1 1 1 vec1457 
1 0 1 1 1 1 1 1 1 0 vec1458 
0 1 1 0 1 1 0 0 0 0 vec1459 
1 1 1 1 0 1 1 1 1 1 vec1460 
0 0 1 0 0 1 0 1 0 1 vec1461 
1 0 1 1 0 1 1 1 1 0 vec1462 
0 0 1 1 1 1 1 1 0 0 vec1463 
0 0 1 1 0 1 1 1 0 1 vec1464 
1 1 0 1 1 1 1 1 0 0 vec1465 
0 1 1 1 0 1 0 1 1 0 vec1466 
0 1 1 1 0 1 1 0 1 0 vec1467 
0 0 0 0 0 1 0 0 0 0 vec1468 
1 1 0 1 0 1 1 1 0 1 vec1469 
1 0 1 0 0 0 0 1 0 0 vec1470 
0 0 1 0 1 0 0 1 0 0 vec1471 
1 1 1 1 1 1 1 1 0 0 vec1472 
0 0 1 0 0 1 0 0 0 0 vec1473 
1 0 1 1 0 1 1 0 0 0 vec1474 
1 1 1 1 1 1 1 0 1 0 vec1475 
0 0 1 0 0 1 0 0 1 0 vec1476 
0 1 1 0 0 1 1 1 0 1 vec1477 
1 1 0 1 1 1 1 0 1 1 vec1478 
0 1 1 1 0 1 0 0 1 0 vec1479 
1 0 1 0 1 0 1 0 1 1 vec1480 
1 0 1 1 1 0 1 1 1 1 vec1481 
1 1 0 1 1 0 1 0 0 1 vec1482 
1 0 1 0 1 1 0 0 1 0 vec1483 
1 1 1 1 0 1 1 1 0 0 vec1484 
1 1 0 0 1 1 1 1 0 0 vec1485 
1 0 1 1 0 1 1 0 0 1 vec1486 
0 0 1 0 0 1 0 0 0 1 vec1487 
1 0 0 0 0 0 0 1 1 1 vec1488 
1 1 1 1 0 1 1 1 1 0 vec1489 
1 0 1 1 0 1 1 0 0 1 vec1490 
1 1 1 1 0 1 0 0 0 1 vec1491 
0 0 0 1 0 1 0 0 1 0 vec1492 
1 1 0 1 1 1 1 1 1 1 vec1493 
1 0 1 1 0 1 1 1 0 0 vec1494 
1 1 0 1 0 1 1 0 1 0 vec1495 
1 0 1 0 0 1 0 1 1 1 vec1496 
1 1 0 1 1 1 1 0 0 0 vec1497 
1 0 0 1 0 1 1 1 1 0 vec1498 
1 1 0 0 1 1 1 1 1 1 vec1499 
1 1 1 1 0 1 1 0 1 0 vec1500 
0 0 1 1 0 1 0 1 0 1 vec1501 
0 1 0 1 1 0 1 0 1 0 vec1502 
0 0 1 0 0 0 0 1 0 1 vec1503 
1 0 1 1 1 1 1 1 1 1 vec1504 
0 1 0 1 0 1 0 1 1 1 vec1505 
1 1 0 1 0 1 1 1 1 1 vec1506 
1 1 0 1 0 1 1 0 0 0 vec1507 
1 1 0 1 1 0 1 1 0 1 vec1508 
1 1 1 0 1 1 1 0 1 0 vec1509 
0 0 1 1 0 1 1 0 0 1 vec1510 
1 1 1 1 0 1 0 0 1 0 vec1511 
0 0 1 0 0 1 1 0 1 1 vec1512 
1 0 0 1 0 1 1 1 0 1 vec1513 
1 1 0 1 1 1 1 0 0 1 vec1514 
1 1 1 1 0 1 1 0 1 1 vec1515 
1 0 1 1 0 1 1 0 1 0 vec1516 
1 1 0 1 0 1 1 0 1 1 vec1517 
1 0 1 1 1 0 1 1 0 1 vec1518 
0 0 0 0 0 1 0 1 1 1 vec1519 
1 1 1 0 1 1 1 1 1 0 vec1520 
1 1 0 1 0 1 1 0 0 0 vec1521 
1 1 1 1 1 1 1 0 0 0 vec1522 
1 0 0 0 0 0 1 1 0 0 vec1523 
0 0 1 1 0 0 1 0 0 0 vec1524 
1 0 1 1 0 1 0 0 1 0 vec1525 
1 1 1 0 0 1 1 1 0 0 vec1526 
1 0 1 1 1 1 1 0 1 0 vec1527 
1 1 1 1 0 1 0 1 1 0 vec1528 
1 0 1 0 0 1 0 1 1 1 vec1529 
1 1 1 0 1 1 1 0 1 1 vec1530 
1 1 1 0 1 1 0 0 0 1 vec1531 
1 1 0 1 1 1 0 1 1 1 vec1532 
1 1 0 1 1 1 1 1 0 1 vec1533 
1 0 1 1 1 0 1 1 1 0 vec1534 
0 1 1 1 1 1 0 1 1 1 vec1535 
0 1 0 1 0 0 1 1 0 0 vec1536 
1 0 1 0 0 1 0 0 1 0 vec1537 
0 1 1 1 0 1 0 1 0 0 vec1538 
0 0 1 1 1 0 1 1 0 0 vec1539 
1 1 0 1 0 1 1 1 1 0 vec1540 
0 1 1 0 0 1 0 1 1 0 vec1541 
1 0 1 1 0 1 1 1 1 1 vec1542 
1 1 1 0 1 1 0 1 0 1 vec1543 
0 0 1 0 1 1 1 0 0 0 vec1544 
1 1 0 1 1 1 1 1 0 1 vec1545 
1 1 0 1 1 1 1 0 1 0 vec1546 
1 1 1 0 1 1 1 1 0 1 vec1547 
1 1 1 1 1 1 1 1 1 0 vec1548 
1 0 1 0 1 1 1 1 1 1 vec1549 
1 1 0 1 0 1 1 0 0 0 vec1550 
1 1 0 1 1 1 1 1 1 0 vec1551 
1 0 0 0 1 1 1 1 0 1 vec1552 
1 0 1 0 1 0 1 1 0 1 vec1553 
1 0 1 1 0 1 0 0 1 0 vec1554 
1 0 1 1 0 1 1 0 0 0 vec1555 
1 0 1 1 1 0 1 1 0 0 vec1556 
0 0 1 0 0 1 0 1 1 0 vec1557 
1 1 1 0 1 1 1 1 1 1 vec1558 
1 0 0 1 0 1 1 0 1 1 vec1559 
0 1 1 1 0 0 1 0 1 0 vec1560 
1 0 1 1 0 1 1 1 0 0 vec1561 
1 1 1 0 1 1 1 0 0 0 vec1562 
1 0 1 0 0 1 1 0 1 0 vec1563 
1 1 0 1 1 1 1 1 1 1 vec1564 
1 1 1 1 0 1 1 0 1 1 vec1565 
0 0 1 0 0 1 0 0 0 0 vec1566 
1 0 1 0 0 1 0 0 1 0 vec1567 
1 1 1 1 1 1 1 1 1 1 vec1568 
0 0 1 0 0 1 0 1 1 0 vec1569 
1 0 1 1 0 1 1 1 1 1 vec1570 
0 1 0 1 0 1 1 0 1 0 vec1571 
1 0 0 1 1 1 1 1 1 1 vec1572 
0 0 1 0 0 1 0 0 0 0 vec1573 
1 0 1 0 0 1 1 1 0 1 vec1574 
0 1 1 0 1 1 1 0 1 1 vec1575 
0 0 1 1 1 0 1 0 0 0 vec1576 
1 0 1 0 0 1 0 0 1 0 vec1577 
0 0 1 1 0 1 1 1 0 0 vec1578 
1 0 1 1 1 0 1 1 1 1 vec1579 
1 1 1 0 1 1 1 1 0 0 vec1580 
0 1 1 0 0 1 0 0 1 1 vec1581 
1 1 0 1 0 1 1 1 0 1 vec1582 
0 1 1 1 0 1 0 0 0 0 vec1583 
0 0 1 0 0 1 0 1 0 1 vec1584 
1 0 1 1 0 1 1 0 0 1 vec1585 
1 1 0 1 0 1 1 0 0 1 vec1586 
0 1 1 1 0 1 1 0 0 0 vec1587 
1 1 1 0 1 1 1 1 0 1 vec1588 
1 1 0 1 0 1 1 0 1 0 vec1589 
0 1 1 1 0 1 0 0 0 0 vec1590 
1 1 1 0 1 1 0 1 1 0 vec1591 
1 1 0 1 1 1 1 1 0 1 vec1592 
1 0 0 1 0 1 1 0 0 1 vec1593 
1 0 1 0 0 1 0 1 0 1 vec1594 
1 1 1 1 1 1 0 0 1 1 vec1595 
1 0 1 1 0 1 1 0 0 0 vec1596 
1 1 1 0 1 1 0 0 1 0 vec1597 
1 1 1 1 1 1 1 1 1 1 vec1598 
1 0 1 0 0 1 0 0 1 0 vec1599 
1 1 0 1 1 1 1 1 1 0 vec1600 
1 0 0 1 0 1 1 0 0 1 vec1601 
0 1 1 1 0 1 0 0 0 0 vec1602 
0 1 1 1 0 1 0 1 0 1 vec1603 
1 1 1 0 1 1 1 1 0 0 vec1604 
1 1 1 1 1 0 1 1 0 1 vec1605 
1 1 1 1 1 1 1 0 0 0 vec1606 
0 1 0 1 0 1 1 1 0 0 vec1607 
1 1 1 0 1 1 1 0 1 1 vec1608 
0 1 0 1 0 1 1 1 1 0 vec1609 
1 0 1 1 1 0 0 1 1 0 vec1610 
0 1 1 1 0 1 0 1 1 0 vec1611 
0 0 1 0 0 0 0 1 1 1 vec1612 
1 1 0 0 1 1 1 1 0 1 vec1613 
1 0 1 0 1 1 1 1 0 1 vec1614 
0 1 1 1 1 1 1 1 1 0 vec1615 
0 1 1 1 0 1 1 1 0 0 vec1616 
1 1 1 1 0 1 1 0 0 1 vec1617 
1 1 1 1 1 1 1 0 0 0 vec1618 
1 1 1 1 1 1 1 0 0 1 vec1619 
1 1 1 1 0 0 0 1 0 1 vec1620 
1 1 0 1 1 0 1 1 1 0 vec1621 
0 1 1 1 0 1 0 0 1 0 vec1622 
0 0 1 0 0 0 0 1 1 0 vec1623 
0 1 1 1 0 1 1 1 0 1 vec1624 
0 1 1 1 0 1 0 1 0 1 vec1625 
1 1 0 1 0 1 1 1 1 0 vec1626 
1 1 1 1 1 1 1 0 0 1 vec1627 
1 0 1 0 0 1 1 0 0 1 vec1628 
1 1 1 0 1 0 1 0 0 0 vec1629 
0 1 1 1 0 1 0 1 0 0 vec1630 
1 0 1 0 0 1 0 0 0 0 vec1631 
0 1 1 1 0 1 0 1 1 1 vec1632 
1 1 0 1 0 1 1 0 0 1 vec1633 
1 1 1 1 0 1 1 1 0 1 vec1634 
1 1 1 1 1 1 0 0 0 0 vec1635 
1 0 1 0 0 1 0 0 1 0 vec1636 
1 0 1 0 0 1 1 1 0 1 vec1637 
0 1 1 1 0 1 0 0 0 1 vec1638 
1 0 1 1 0 1 1 0 0 0 vec1639 
1 0 1 0 0 1 0 1 0 0 vec1640 
1 1 0 1 0 1 1 0 0 1 vec1641 
1 0 1 1 1 1 1 0 1 1 vec1642 
1 1 0 1 0 1 1 0 1 1 vec1643 
1 0 1 1 1 0 1 1 1 1 vec1644 
1 1 0 0 0 1 1 1 0 1 vec1645 
1 0 0 1 0 1 1 0 1 1 vec1646 
1 0 1 1 1 0 1 1 0 1 vec1647 
1 1 0 1 0 1 1 1 0 1 vec1648 
1 1 1 0 0 1 0 1 0 0 vec1649 
1 1 0 0 0 0 0 0 0 1 vec1650 
0 0 1 1 1 0 1 0 0 0 vec1651 
0 1 1 1 0 1 0 0 0 1 vec1652 
0 0 1 0 1 1 0 1 1 1 vec1653 
0 0 1 0 0 1 0 1 0 1 vec1654 
0 0 1 0 0 1 0 0 0 1 vec1655 
0 1 1 1 1 1 1 1 0 0 vec1656 
1 0 1 0 1 1 0 0 0 0 vec1657 
1 0 1 1 0 1 1 1 0 0 vec1658 
0 1 1 0 0 1 0 0 0 0 vec1659 
1 0 1 1 0 1 1 0 1 0 vec1660 
1 1 1 0 0 1 1 1 1 0 vec1661 
1 0 1 1 1 0 1 1 1 0 vec1662 
0 1 1 1 0 1 0 0 0 1 vec1663 
0 1 1 1 0 1 0 1 0 1 vec1664 
1 1 1 1 0 1 1 1 1 1 vec1665 
1 0 1 1 0 1 1 0 1 0 vec1666 
1 1 1 1 0 1 1 1 0 1 vec1667 
1 1 1 0 0 1 1 0 1 0 vec1668 
0 0 1 1 0 1 0 0 0 1 vec1669 
1 1 1 1 0 1 1 0 1 0 vec1670 
1 0 1 1 1 0 1 0 0 0 vec1671 
1 0 1 1 0 1 1 0 1 0 vec1672 
1 1 1 0 1 1 0 1 0 0 vec1673 
0 1 1 1 0 1 1 0 1 1 vec1674 
1 0 1 1 1 0 1 1 1 0 vec1675 
0 1 1 1 1 0 1 0 0 0 vec1676 
1 1 1 0 1 1 1 0 1 1 vec1677 
1 1 1 0 0 1 1 1 0 0 vec1678 
0 1 1 0 0 1 0 1 1 1 vec1679 
1 0 1 1 0 1 0 1 0 0 vec1680 
1 0 1 1 1 0 1 1 1 1 vec1681 
0 1 1 1 0 1 0 1 0 0 vec1682 
1 1 1 0 1 1 1 1 0 1 vec1683 
1 1 0 0 1 1 1 1 0 1 vec1684 
1 0 1 1 1 1 1 0 1 0 vec1685 
0 0 1 0 0 1 0 1 1 1 vec1686 
1 1 1 1 1 0 1 0 1 1 vec1687 
1 0 1 0 0 0 0 0 0 1 vec1688 
1 0 0 1 0 1 1 0 1 0 vec1689 
0 0 1 0 0 1 0 1 1 1 vec1690 
1 0 0 1 1 1 1 0 1 1 vec1691 
0 1 1 0 1 1 1 0 1 1 vec1692 
1 0 1 0 0 1 0 0 0 0 vec1693 
0 0 1 0 1 1 0 0 1 1 vec1694 
0 1 0 1 1 1 0 0 0 1 vec1695 
1 1 0 1 1 1 1 1 0 1 vec1696 
1 1 0 0 0 1 1 0 1 1 vec1697 
1 1 1 0 1 0 1 0 1 0 vec1698 
1 1 1 1 1 1 1 1 0 1 vec1699 
0 0 1 0 0 1 0 0 1 1 vec1700 
0 0 0 0 0 1 0 1 0 1 vec1701 
1 1 1 1 1 1 1 1 1 1 vec1702 
0 1 1 1 0 1 0 0 0 0 vec1703 
0 1 1 1 1 1 1 0 0 1 vec1704 
1 0 1 1 1 0 1 0 1 1 vec1705 
0 1 1 0 1 1 1 0 0 1 vec1706 
1 1 0 1 0 1 1 1 0 1 vec1707 
1 0 1 0 1 1 0 1 1 0 vec1708 
1 1 1 0 1 1 1 0 1 1 vec1709 
1 1 0 1 0 1 0 1 1 0 vec1710 
1 0 1 0 1 1 0 0 1 1 vec1711 
1 1 0 1 0 1 1 1 0 0 vec1712 
0 0 1 1 0 0 0 1 0 1 vec1713 
1 1 1 0 1 1 1 1 1 1 vec1714 
1 0 1 1 1 0 1 0 1 0 vec1715 
0 1 1 1 0 1 0 0 0 0 vec1716 
1 1 1 1 0 1 1 1 0 1 vec1717 
0 0 0 0 0 0 0 0 0 0 vec1718 
1 0 1 0 1 1 0 0 1 1 vec1719 
1 0 1 0 0 1 1 1 0 0 vec1720 
1 0 1 0 1 0 1 1 0 1 vec1721 
1 0 1 0 0 1 0 1 0 0 vec1722 
0 0 1 1 0 1 0 0 0 1 vec1723 
1 1 1 1 1 1 1 0 0 1 vec1724 
1 1 1 1 1 1 0 1 0 0 vec1725 
0 0 1 0 0 1 0 0 0 0 vec1726 
0 1 0 1 1 1 1 1 0 0 vec1727 
1 0 1 1 0 0 1 1 1 0 vec1728 
1 1 0 0 0 1 1 0 1 0 vec1729 
0 1 1 1 0 1 0 0 0 1 vec1730 
0 1 1 1 1 1 1 1 0 0 vec1731 
0 1 0 1 0 1 1 1 1 0 vec1732 
1 1 0 1 1 1 1 0 0 0 vec1733 
1 1 0 1 0 1 1 0 1 1 vec1734 
1 0 1 0 0 1 0 0 1 0 vec1735 
1 1 1 0 1 1 0 0 0 1 vec1736 
0 1 1 1 0 1 0 0 0 0 vec1737 
1 1 1 0 1 1 1 1 1 0 vec1738 
1 0 1 0 0 1 1 1 0 1 vec1739 
0 1 1 0 1 0 1 0 0 0 vec1740 
1 1 1 0 1 1 0 1 0 1 vec1741 
1 1 1 1 0 1 0 0 1 0 vec1742 
1 0 1 0 0 1 0 1 1 1 vec1743 
1 1 1 0 1 1 1 0 1 1 vec1744 
1 0 1 0 0 1 0 1 0 0 vec1745 
1 1 1 1 1 1 1 1 1 1 vec1746 
1 0 1 1 1 1 1 0 0 1 vec1747 
1 0 1 1 0 1 0 1 1 1 vec1748 
1 0 1 1 1 0 1 1 0 0 vec1749 
1 0 1 0 0 1 0 0 1 1 vec1750 
1 1 0 1 1 1 1 0 1 0 vec1751 
1 1 1 1 1 1 1 0 0 0 vec1752 
1 1 1 0 0 1 1 0 1 1 vec1753 
1 1 0 0 1 0 1 0 0 0 vec1754 
1 0 1 1 1 0 1 0 0 1 vec1755 
1 0 1 1 0 1 0 1 0 1 vec1756 
1 1 1 0 0 1 0 0 0 1 vec1757 
1 1 0 1 1 1 1 1 1 1 vec1758 
1 1 1 1 0 1 0 0 1 1 vec1759 
0 1 1 1 0 1 0 0 1 1 vec1760 
0 0 1 0 0 1 0 0 0 0 vec1761 
0 0 1 0 0 0 0 1 1 1 vec1762 
0 1 1 1 0 1 0 1 0 1 vec1763 
1 1 1 0 0 1 1 1 0 1 vec1764 
1 1 1 1 0 1 1 0 0 0 vec1765 
0 0 0 0 0 1 0 1 0 0 vec1766 
0 1 1 1 0 1 0 1 0 1 vec1767 
1 1 0 1 0 1 1 1 0 0 vec1768 
1 0 1 1 0 1 1 0 1 0 vec1769 
1 0 1 1 0 1 1 0 1 0 vec1770 
1 0 1 1 0 1 1 1 1 1 vec1771 
0 1 1 1 0 1 0 0 1 1 vec1772 
1 1 0 1 1 0 1 0 1 1 vec1773 
1 1 0 1 1 1 1 0 1 1 vec1774 
1 1 1 1 1 1 1 1 0 1 vec1775 
1 1 1 1 1 1 1 1 0 0 vec1776 
1 0 0 0 1 1 0 0 1 0 vec1777 
0 0 1 0 0 1 0 1 1 1 vec1778 
0 0 1 1 0 0 1 0 1 0 vec1779 
1 1 0 1 1 1 1 0 1 1 vec1780 
0 0 1 0 0 1 0 0 0 1 vec1781 
1 1 1 1 1 0 0 1 1 0 vec1782 
1 1 1 1 0 1 1 0 0 0 vec1783 
1 1 1 1 0 1 1 1 0 0 vec1784 
1 1 1 0 1 1 1 1 0 1 vec1785 
1 0 1 0 0 1 0 1 0 1 vec1786 
1 1 1 1 0 1 1 1 0 1 vec1787 
0 0 1 0 0 1 0 0 1 0 vec1788 
0 0 1 0 0 0 0 1 1 0 vec1789 
1 0 1 1 1 0 1 1 1 0 vec1790 
0 0 1 1 0 0 1 1 0 1 vec1791 
1 1 1 0 1 1 1 1 1 1 vec1792 
1 0 1 1 1 0 1 0 0 1 vec1793 
1 0 1 1 1 1 1 1 1 0 vec1794 
1 0 1 1 1 1 1 1 1 0 vec1795 
1 1 0 0 1 1 1 0 0 0 vec1796 
1 1 0 1 0 1 1 0 0 0 vec1797 
0 1 1 1 0 1 0 1 1 0 vec1798 
0 1 0 1 1 1 0 1 1 1 vec1799 
0 0 1 0 0 1 0 1 1 1 vec1800 
1 0 1 1 1 1 1 0 1 0 vec1801 
1 0 0 1 0 1 1 0 1 0 vec1802 
1 1 0 0 0 1 1 0 1 1 vec1803 
1 0 1 1 1 1 1 0 1 0 vec1804 
0 0 1 0 0 1 0 1 0 0 vec1805 
0 0 1 1 0 1 0 0 0 0 vec1806 
1 1 1 1 1 0 1 0 1 0 vec1807 
0 0 1 0 0 1 0 0 0 1 vec1808 
1 0 1 0 0 1 0 1 0 0 vec1809 
1 1 1 1 1 0 1 0 1 1 vec1810 
0 0 0 1 0 1 0 1 0 1 vec1811 
1 0 0 1 0 0 1 1 0 1 vec1812 
1 1 0 1 1 1 1 1 1 0 vec1813 
1 0 0 1 1 0 1 0 1 0 vec1814 
1 1 1 1 0 1 0 1 1 1 vec1815 
1 0 1 1 1 0 1 0 1 0 vec1816 
1 1 1 0 1 0 1 0 1 1 vec1817 
1 0 1 1 1 1 0 1 1 0 vec1818 
1 1 1 1 1 1 0 1 1 1 vec1819 
1 1 0 1 1 1 1 0 1 0 vec1820 
1 1 1 1 1 1 1 1 0 0 vec1821 
0 0 0 0 0 1 0 0 0 0 vec1822 
1 1 0 1 1 0 1 1 1 0 vec1823 
1 1 1 1 1 1 1 0 0 0 vec1824 
1 1 1 0 1 1 1 1 1 1 vec1825 
1 1 0 0 0 1 1 0 1 0 vec1826 
1 1 0 1 1 1 1 0 0 1 vec1827 
0 0 1 0 0 1 0 0 0 0 vec1828 
0 0 1 1 1 1 1 1 0 0 vec1829 
1 1 1 0 1 1 0 1 0 0 vec1830 
1 0 1 1 1 1 1 1 1 0 vec1831 
1 0 1 1 0 0 1 0 1 1 vec1832 
1 1 1 1 1 1 0 0 1 1 vec1833 
1 1 0 1 1 1 1 0 1 0 vec1834 
1 1 0 1 1 0 0 1 1 0 vec1835 
1 0 1 1 1 1 1 0 1 1 vec1836 
1 0 1 1 1 1 1 1 0 0 vec1837 
1 1 1 1 1 1 1 0 0 0 vec1838 
0 0 1 1 0 0 1 0 0 0 vec1839 
1 1 0 1 1 0 1 0 1 1 vec1840 
1 1 1 1 1 1 1 1 0 1 vec1841 
0 0 1 0 0 1 0 1 1 1 vec1842 
1 1 1 1 1 1 1 0 1 1 vec1843 
1 0 1 1 0 1 1 1 1 0 vec1844 
1 1 1 1 1 0 1 0 0 0 vec1845 
1 1 1 1 0 1 1 0 1 1 vec1846 
0 0 1 0 0 1 0 1 0 0 vec1847 
0 0 1 0 0 1 0 0 0 0 vec1848 
0 1 1 1 1 1 0 1 1 0 vec1849 
1 1 1 1 1 1 1 0 1 0 vec1850 
0 1 0 1 0 0 0 1 0 0 vec1851 
0 0 1 0 0 1 1 1 0 1 vec1852 
1 1 0 1 1 1 1 1 0 1 vec1853 
1 1 1 1 0 1 0 0 1 0 vec1854 
1 0 1 1 1 1 1 1 1 0 vec1855 
1 1 1 1 1 1 1 0 0 1 vec1856 
0 1 1 1 0 1 0 1 1 1 vec1857 
1 0 0 1 0 1 0 0 0 0 vec1858 
0 0 1 1 1 1 1 1 1 1 vec1859 
1 0 1 1 0 1 1 1 0 0 vec1860 
1 0 0 1 0 0 1 1 1 1 vec1861 
1 0 1 0 0 1 1 0 0 1 vec1862 
1 0 1 0 1 1 1 0 0 1 vec1863 
1 1 1 0 0 1 1 1 0 1 vec1864 
1 1 0 0 1 1 0 0 0 1 vec1865 
1 1 1 0 0 1 0 0 0 0 vec1866 
1 1 0 1 1 1 1 0 1 0 vec1867 
1 1 1 0 1 1 1 0 1 1 vec1868 
1 1 1 1 1 1 1 1 1 1 vec1869 
1 0 0 1 1 1 1 0 0 0 vec1870 
1 1 1 1 0 1 1 1 1 0 vec1871 
1 1 1 1 1 0 1 1 0 1 vec1872 
1 0 1 1 0 1 1 1 1 0 vec1873 
1 1 0 1 0 0 1 1 1 0 vec1874 
0 0 1 0 0 1 0 0 1 1 vec1875 
0 1 1 1 0 1 0 0 0 1 vec1876 
1 0 1 0 0 1 0 1 1 1 vec1877 
1 0 1 1 0 1 1 1 0 1 vec1878 
1 1 1 0 1 1 1 0 1 1 vec1879 
1 0 1 0 0 1 0 1 0 0 vec1880 
1 1 1 1 1 1 1 1 0 0 vec1881 
0 1 1 0 0 1 0 0 1 1 vec1882 
1 0 1 1 1 0 1 0 0 0 vec1883 
1 1 1 1 0 1 1 1 0 1 vec1884 
1 1 1 1 1 1 0 1 1 1 vec1885 
0 1 1 0 0 1 0 0 0 0 vec1886 
1 1 0 1 1 1 1 1 1 1 vec1887 
1 1 1 1 1 0 1 0 0 1 vec1888 
1 1 1 0 1 1 1 1 1 0 vec1889 
0 0 1 0 1 0 0 1 0 0 vec1890 
1 1 0 1 0 1 1 1 1 0 vec1891 
1 0 1 1 1 0 1 0 0 1 vec1892 
1 1 1 1 1 1 1 0 0 1 vec1893 
1 1 0 0 1 0 1 0 1 1 vec1894 
1 1 0 0 0 1 1 1 0 1 vec1895 
0 1 1 0 1 0 0 1 0 0 vec1896 
1 1 1 1 0 1 1 0 0 0 vec1897 
1 1 0 1 1 1 1 1 0 1 vec1898 
1 1 0 1 1 1 1 0 1 1 vec1899 
1 0 0 1 1 1 1 0 1 1 vec1900 
1 0 1 0 1 0 1 1 0 1 vec1901 
1 0 1 1 1 0 1 0 1 1 vec1902 
1 1 1 1 0 1 1 1 0 0 vec1903 
0 0 1 0 0 1 0 0 1 0 vec1904 
0 1 1 1 0 1 0 0 1 1 vec1905 
1 0 1 1 1 0 1 1 0 1 vec1906 
1 1 1 0 1 1 1 0 0 1 vec1907 
1 1 1 1 0 0 1 1 1 1 vec1908 
1 1 0 1 0 1 1 1 1 1 vec1909 
0 1 1 1 0 1 0 1 1 0 vec1910 
1 1 1 0 0 1 0 1 1 1 vec1911 
1 1 0 1 1 1 1 0 0 0 vec1912 
1 1 0 1 0 1 1 0 0 1 vec1913 
1 0 1 1 0 1 0 0 1 0 vec1914 
1 0 1 1 1 1 0 1 0 1 vec1915 
1 0 0 1 0 1 1 0 0 0 vec1916 
1 0 1 1 0 0 1 0 1 0 vec1917 
1 0 1 0 1 1 0 1 0 1 vec1918 
1 1 0 1 0 1 1 1 1 1 vec1919 
0 0 1 1 0 0 1 0 0 0 vec1920 
1 1 0 0 1 1 1 0 0 0 vec1921 
1 1 0 1 1 1 1 0 1 1 vec1922 
0 1 0 1 0 1 1 0 1 1 vec1923 
0 0 1 0 0 0 0 0 0 1 vec1924 
1 1 1 0 1 1 1 0 0 1 vec1925 
1 1 1 1 1 1 1 1 1 1 vec1926 
0 1 0 1 1 1 1 1 0 1 vec1927 
1 1 1 0 1 1 1 0 1 0 vec1928 
1 1 0 1 1 1 1 0 0 1 vec1929 
0 0 1 0 0 1 0 1 1 1 vec1930 
1 1 0 1 1 1 0 0 0 0 vec1931 
1 1 1 1 1 1 1 0 1 1 vec1932 
0 0 1 0 0 1 0 0 0 0 vec1933 
1 1 1 1 1 1 1 1 1 0 vec1934 
1 1 1 1 1 1 1 1 0 1 vec1935 
1 0 1 1 1 0 1 1 1 0 vec1936 
1 0 1 1 1 0 1 1 1 1 vec1937 
0 1 1 0 1 1 1 0 0 0 vec1938 
1 0 1 1 0 1 1 0 1 1 vec1939 
1 1 1 0 0 1 1 1 1 1 vec1940 
1 0 0 1 0 1 1 0 0 1 vec1941 
0 0 1 1 0 1 0 0 0 0 vec1942 
1 0 1 0 0 0 1 0 1 0 vec1943 
0 0 0 0 0 1 0 0 1 1 vec1944 
0 0 1 1 0 0 1 0 1 0 vec1945 
1 1 1 1 1 1 1 1 0 0 vec1946 
1 1 1 0 1 1 1 1 0 0 vec1947 
0 0 1 1 0 1 0 0 0 0 vec1948 
0 1 1 1 0 1 0 1 1 0 vec1949 
0 1 1 1 0 1 0 1 0 1 vec1950 
1 1 1 1 1 1 1 1 1 1 vec1951 
0 0 1 0 0 1 1 0 1 1 vec1952 
1 1 1 1 1 0 1 0 1 1 vec1953 
0 0 1 0 0 1 0 0 1 0 vec1954 
1 1 1 0 1 1 1 0 0 1 vec1955 
1 1 1 0 1 1 1 1 0 0 vec1956 
1 1 0 1 0 1 1 0 1 1 vec1957 
1 1 0 1 1 1 1 0 0 0 vec1958 
0 1 1 1 0 1 1 0 0 1 vec1959 
1 0 0 1 0 1 1 0 1 0 vec1960 
0 1 1 0 0 1 0 0 1 0 vec1961 
1 1 0 1 0 1 1 0 0 1 vec1962 
0 1 0 1 1 1 1 1 0 0 vec1963 
1 1 1 1 0 1 1 1 1 0 vec1964 
1 1 1 0 1 1 1 0 1 0 vec1965 
0 1 1 1 0 1 0 0 1 0 vec1966 
1 0 1 1 1 0 1 1 1 0 vec1967 
1 1 1 0 1 1 1 0 0 0 vec1968 
1 0 1 0 0 1 0 0 1 0 vec1969 
1 1 0 1 1 1 1 1 0 0 vec1970 
0 0 1 0 0 0 0 1 0 0 vec1971 
1 0 1 0 1 0 1 1 0 1 vec1972 
1 0 1 0 1 1 0 1 0 0 vec1973 
1 0 1 1 1 0 1 1 1 1 vec1974 
1 1 1 1 1 0 1 0 1 0 vec1975 
1 1 0 1 1 1 1 0 0 1 vec1976 
0 1 0 1 0 1 1 0 1 1 vec1977 
1 0 1 0 0 1 0 1 0 0 vec1978 
1 1 0 1 1 1 1 0 1 1 vec1979 
0 0 1 0 0 1 0 1 0 0 vec1980 
0 1 1 1 0 1 0 0 1 1 vec1981 
1 1 1 1 0 1 1 0 1 1 vec1982 
1 1 1 1 0 1 1 0 0 1 vec1983 
0 1 0 1 0 1 0 0 0 1 vec1984 
1 1 1 1 0 1 1 1 0 1 vec1985 
0 1 1 0 1 1 0 0 1 0 vec1986 
1 1 0 1 1 1 0 0 1 0 vec1987 
1 0 1 1 1 0 1 0 1 1 vec1988 
0 1 0 0 1 0 1 1 1 1 vec1989 
1 0 1 0 1 1 0 0 1 1 vec1990 
1 1 1 0 1 1 0 0 1 0 vec1991 
0 1 0 1 0 1 0 1 1 0 vec1992 
0 0 1 0 0 1 0 1 1 1 vec1993 
1 0 1 1 1 0 1 1 1 1 vec1994 
1 1 1 0 0 1 1 1 1 1 vec1995 
1 1 0 1 0 1 1 0 0 1 vec1996 
1 1 0 1 1 1 1 0 1 1 vec1997 
1 1 0 1 1 1 1 1 0 1 vec1998 
1 1 1 1 0 1 1 1 1 1 vec1999 
0 1 1 0 0 1 0 0 1 1 vec2000 
1 0 1 1 1 0 1 0 0 0 vec2001 
1 0 1 0 0 1 0 0 1 1 vec2002 
1 1 1 1 0 1 1 1 1 1 vec2003 
1 1 1 1 0 1 0 1 1 1 vec2004 
1 1 1 1 1 1 1 1 1 0 vec2005 
1 1 0 1 0 1 1 0 1 1 vec2006 
1 0 1 1 1 0 1 1 0 1 vec2007 
1 1 1 0 1 0 1 0 1 1 vec2008 
1 1 1 1 1 1 1 0 1 1 vec2009 
1 0 1 0 0 1 1 0 0 1 vec2010 
1 1 1 0 1 1 1 1 0 1 vec2011 
1 1 0 1 1 1 1 0 1 0 vec2012 
1 1 1 0 1 1 1 0 0 1 vec2013 
1 1 1 0 1 1 1 1 0 0 vec2014 
1 1 1 0 1 1 1 1 1 0 vec2015 
1 1 0 0 1 1 1 1 1 1 vec2016 
1 0 0 1 1 0 1 0 0 0 vec2017 
1 1 1 0 1 1 1 0 1 0 vec2018 
1 0 1 0 1 1 1 0 0 1 vec2019 
1 0 1 1 0 1 1 1 0 0 vec2020 
1 1 1 1 1 0 1 1 0 1 vec2021 
0 0 1 0 0 1 0 0 0 0 vec2022 
1 0 1 1 0 1 0 1 0 0 vec2023 
0 0 1 0 0 1 0 0 1 0 vec2024 
1 1 1 1 1 1 1 1 0 1 vec2025 
1 1 1 0 1 1 0 0 1 1 vec2026 
1 1 1 1 1 1 1 0 1 1 vec2027 
1 1 0 1 0 1 1 0 1 1 vec2028 
1 0 1 0 0 1 0 1 1 0 vec2029 
1 1 1 1 1 1 0 1 1 0 vec2030 
0 1 1 1 0 0 0 0 1 1 vec2031 
0 1 1 0 0 1 0 1 0 0 vec2032 
0 1 0 1 1 1 1 0 0 0 vec2033 
1 1 1 1 1 0 1 0 0 0 vec2034 
1 1 0 1 1 1 1 0 1 1 vec2035 
1 0 1 0 1 0 1 0 1 1 vec2036 
1 0 1 0 0 1 0 1 1 1 vec2037 
1 1 0 1 1 1 1 1 1 1 vec2038 
1 1 0 0 0 1 1 1 0 0 vec2039 
1 0 1 1 0 1 1 0 1 0 vec2040 
1 0 1 1 0 1 1 0 1 0 vec2041 
1 0 0 1 0 1 1 1 0 1 vec2042 
0 0 1 0 0 1 0 1 1 1 vec2043 
1 1 0 1 0 0 1 1 0 0 vec2044 
1 1 1 0 1 1 1 0 0 0 vec2045 
0 0 1 0 0 1 0 0 0 1 vec2046 
1 1 1 1 1 1 1 0 1 1 vec2047 
1 0 1 1 0 1 1 0 0 0 vec2048 
1 1 1 0 1 1 1 0 0 1 vec2049 
1 1 0 1 0 1 1 1 1 0 vec2050 
1 1 0 0 0 1 1 1 0 1 vec2051 
1 1 1 1 1 1 1 0 1 0 vec2052 
1 1 0 1 0 1 1 0 1 0 vec2053 
1 1 0 1 0 1 1 0 1 0 vec2054 
1 1 0 1 1 1 0 1 0 0 vec2055 
0 0 1 0 1 1 0 1 1 0 vec2056 
0 1 1 0 1 1 1 1 1 0 vec2057 
1 1 1 1 1 0 1 1 0 0 vec2058 
1 1 1 0 1 1 1 0 1 0 vec2059 
1 0 1 0 0 1 0 1 1 1 vec2060 
1 0 1 1 0 1 0 1 1 1 vec2061 
1 0 1 0 0 1 1 1 1 1 vec2062 
1 1 0 1 1 1 1 0 0 1 vec2063 
0 0 0 0 0 1 0 0 1 1 vec2064 
1 1 0 1 1 1 1 1 0 1 vec2065 
0 1 0 0 1 1 1 1 1 1 vec2066 
1 1 1 1 0 1 1 0 0 1 vec2067 
1 0 1 1 1 0 1 0 1 0 vec2068 
1 1 1 1 1 1 1 1 0 1 vec2069 
1 1 1 1 1 0 1 1 1 1 vec2070 
1 1 0 1 1 1 1 0 1 1 vec2071 
0 1 0 1 0 1 0 0 0 0 vec2072 
0 0 1 0 0 1 0 1 1 1 vec2073 
0 1 1 1 0 1 0 0 1 1 vec2074 
1 1 1 0 1 0 1 0 1 1 vec2075 
1 1 1 1 0 1 1 1 1 1 vec2076 
1 0 1 1 1 0 1 0 0 1 vec2077 
1 0 1 1 1 0 1 0 1 1 vec2078 
1 1 0 1 1 1 1 0 1 0 vec2079 
1 1 0 1 1 1 1 0 1 0 vec2080 
1 1 1 1 1 1 1 1 1 0 vec2081 
1 0 1 1 1 0 1 1 0 0 vec2082 
0 1 1 1 0 1 1 1 0 0 vec2083 
0 1 0 1 0 1 1 1 0 0 vec2084 
0 1 1 1 0 1 0 0 1 0 vec2085 
1 0 1 0 0 1 0 0 0 0 vec2086 
1 1 1 1 1 1 1 0 0 0 vec2087 
1 1 1 1 1 1 1 0 0 0 vec2088 
1 0 0 0 0 1 0 1 1 0 vec2089 
0 1 1 0 1 1 1 1 1 0 vec2090 
1 1 0 1 1 1 1 0 1 1 vec2091 
1 1 1 0 1 1 1 0 1 1 vec2092 
1 0 1 0 0 1 1 0 0 0 vec2093 
1 1 0 1 0 0 1 0 1 0 vec2094 
1 0 0 1 1 0 1 0 0 1 vec2095 
1 0 1 0 0 1 0 1 0 1 vec2096 
0 0 1 1 0 1 1 1 0 1 vec2097 
0 1 1 1 0 1 0 1 1 1 vec2098 
1 0 0 1 1 1 1 1 1 1 vec2099 
0 0 1 1 0 1 1 1 0 0 vec2100 
1 1 0 1 0 1 1 0 1 0 vec2101 
1 1 0 1 1 1 1 1 1 1 vec2102 
1 0 1 0 0 1 0 1 0 1 vec2103 
1 1 1 1 1 0 1 1 1 1 vec2104 
1 0 1 0 1 1 1 1 0 1 vec2105 
1 1 1 1 0 1 0 1 0 1 vec2106 
1 1 0 1 1 1 1 0 0 0 vec2107 
0 1 0 1 1 1 1 0 1 1 vec2108 
1 1 0 1 0 1 1 1 0 1 vec2109 
1 0 1 0 0 1 0 0 1 1 vec2110 
0 1 1 0 0 1 0 0 0 1 vec2111 
1 0 1 1 1 1 1 0 0 1 vec2112 
1 1 1 1 0 1 1 1 1 1 vec2113 
1 0 1 1 0 1 1 1 1 0 vec2114 
1 0 0 1 0 1 1 1 1 1 vec2115 
1 0 1 1 1 1 0 0 1 0 vec2116 
1 0 1 0 1 1 0 1 0 0 vec2117 
1 0 1 0 1 0 1 0 1 0 vec2118 
1 0 1 1 0 1 0 0 1 0 vec2119 
1 0 1 1 0 1 1 0 1 1 vec2120 
1 1 0 1 1 1 1 1 1 0 vec2121 
0 0 1 1 0 1 0 1 0 1 vec2122 
1 1 1 1 1 1 1 1 0 1 vec2123 
0 0 1 0 0 1 1 1 0 0 vec2124 
1 1 1 0 1 0 1 0 1 1 vec2125 
0 0 0 0 1 1 1 0 0 0 vec2126 
1 0 1 1 0 0 1 1 0 0 vec2127 
0 0 1 1 0 1 0 0 1 0 vec2128 
1 0 1 0 0 1 0 0 1 0 vec2129 
1 1 1 1 0 1 1 0 0 1 vec2130 
1 1 1 0 1 0 0 1 0 0 vec2131 
0 0 0 0 0 0 0 0 1 1 vec2132 
1 0 1 0 0 1 0 1 1 1 vec2133 
1 0 1 0 0 1 1 0 0 0 vec2134 
1 0 0 0 0 1 0 0 0 1 vec2135 
1 0 1 1 1 0 1 1 0 0 vec2136 
1 0 0 1 1 1 1 0 1 1 vec2137 
1 0 1 1 1 0 1 0 0 0 vec2138 
1 1 1 1 0 1 0 1 1 0 vec2139 
1 1 0 1 1 1 1 0 1 0 vec2140 
0 1 1 1 0 1 0 1 1 0 vec2141 
1 1 1 0 1 1 1 0 0 0 vec2142 
1 1 1 1 1 1 1 1 0 1 vec2143 
1 1 0 1 1 1 1 1 1 1 vec2144 
1 1 1 1 1 1 1 1 0 0 vec2145 
1 0 0 1 0 1 1 1 1 0 vec2146 
0 0 1 1 1 0 1 1 1 0 vec2147 
1 0 1 0 1 1 0 0 1 1 vec2148 
1 1 1 0 1 1 1 0 1 1 vec2149 
1 1 0 1 1 0 1 1 1 0 vec2150 
1 0 1 1 0 1 1 1 0 1 vec2151 
1 0 1 0 0 1 0 1 0 0 vec2152 
1 1 0 1 1 1 1 0 0 0 vec2153 
1 0 1 0 0 1 0 1 1 1 vec2154 
1 0 1 1 0 1 1 0 0 1 vec2155 
0 1 1 1 0 1 0 0 1 0 vec2156 
1 0 1 1 0 1 1 0 1 0 vec2157 
0 0 1 0 0 1 0 1 1 1 vec2158 
1 1 1 1 1 1 1 1 1 1 vec2159 
1 1 1 1 0 1 1 1 1 1 vec2160 
1 1 1 0 1 1 1 0 0 1 vec2161 
1 1 1 1 1 1 0 0 1 1 vec2162 
0 0 1 0 0 1 0 1 1 1 vec2163 
1 1 0 1 0 1 1 1 0 0 vec2164 
0 1 1 1 0 1 0 0 0 1 vec2165 
1 1 1 1 0 0 1 0 1 1 vec2166 
1 1 1 1 1 1 1 1 1 1 vec2167 
1 1 1 0 1 1 0 0 0 0 vec2168 
1 0 1 0 0 1 0 0 0 0 vec2169 
1 1 1 0 1 0 1 0 0 1 vec2170 
1 0 1 0 0 1 1 1 1 0 vec2171 
1 1 1 0 1 1 1 0 1 1 vec2172 
1 0 1 0 1 1 1 0 1 1 vec2173 
1 1 0 1 0 1 1 1 0 0 vec2174 
1 0 1 1 1 0 1 0 0 0 vec2175 
1 1 0 1 0 1 1 1 1 1 vec2176 
1 1 1 1 0 1 0 1 1 0 vec2177 
0 1 0 1 0 1 1 0 1 0 vec2178 
0 1 1 1 0 1 1 0 0 0 vec2179 
0 1 1 1 0 1 0 0 0 1 vec2180 
1 1 0 1 0 1 1 1 1 1 vec2181 
1 1 1 1 0 0 1 1 1 1 vec2182 
0 0 1 0 0 1 1 1 1 0 vec2183 
1 1 0 1 0 1 1 0 1 1 vec2184 
1 1 1 1 0 1 1 0 0 1 vec2185 
1 0 1 1 1 0 1 1 0 1 vec2186 
1 0 1 1 1 0 1 1 1 0 vec2187 
0 1 1 1 0 1 0 1 0 0 vec2188 
1 1 0 1 1 1 1 1 0 0 vec2189 
0 0 1 0 0 1 0 0 1 1 vec2190 
1 1 0 0 1 1 1 1 0 1 vec2191 
1 1 1 1 0 1 1 1 0 0 vec2192 
1 0 1 1 1 0 1 0 1 0 vec2193 
1 1 1 1 0 1 0 0 0 1 vec2194 
1 0 1 0 0 1 1 0 1 0 vec2195 
1 1 0 1 1 1 0 1 0 1 vec2196 
1 1 1 1 1 1 1 0 1 0 vec2197 
1 0 1 1 0 0 1 0 1 0 vec2198 
1 1 1 1 1 1 1 0 0 1 vec2199 
1 0 1 0 0 1 0 1 1 0 vec2200 
1 1 1 0 1 1 1 1 1 0 vec2201 
1 1 1 1 0 1 0 0 0 0 vec2202 
1 1 1 1 0 1 1 1 0 1 vec2203 
0 1 1 0 1 1 1 1 1 1 vec2204 
1 1 1 1 1 1 1 1 1 0 vec2205 
1 1 1 0 1 1 1 0 1 0 vec2206 
1 0 0 1 1 0 1 1 1 0 vec2207 
0 1 1 1 0 1 0 1 0 0 vec2208 
1 1 1 1 0 1 1 0 1 0 vec2209 
1 1 0 1 0 1 1 1 0 0 vec2210 
1 1 1 1 1 1 0 1 1 1 vec2211 
1 1 1 0 1 1 1 1 1 1 vec2212 
1 1 1 0 1 1 1 1 1 1 vec2213 
0 1 1 1 0 1 0 0 1 1 vec2214 
0 0 1 0 0 1 0 1 1 1 vec2215 
0 1 1 1 0 1 1 0 0 1 vec2216 
1 1 1 0 1 1 1 1 0 1 vec2217 
1 0 1 0 1 0 1 0 0 1 vec2218 
1 0 1 0 0 1 0 1 0 1 vec2219 
0 0 0 0 0 1 0 1 1 1 vec2220 
1 1 0 1 0 1 1 0 1 1 vec2221 
1 1 0 1 1 1 1 0 0 1 vec2222 
1 1 1 1 0 1 1 1 1 0 vec2223 
1 0 0 1 0 1 1 0 1 0 vec2224 
1 1 1 0 1 1 0 1 0 0 vec2225 
1 1 1 0 1 1 0 1 0 0 vec2226 
1 1 0 1 0 1 1 1 1 0 vec2227 
1 1 1 1 0 0 1 1 0 0 vec2228 
1 0 1 0 0 1 1 1 1 1 vec2229 
1 0 1 1 1 0 0 1 0 1 vec2230 
1 0 1 1 1 0 1 1 0 1 vec2231 
1 1 0 1 1 1 1 1 0 0 vec2232 
1 1 0 1 1 1 1 0 0 0 vec2233 
0 0 1 1 0 1 1 0 1 1 vec2234 
1 1 0 1 1 0 1 0 0 0 vec2235 
0 0 0 1 1 1 1 0 0 0 vec2236 
1 0 1 0 0 1 0 0 0 0 vec2237 
1 1 1 1 0 1 1 1 0 0 vec2238 
1 1 1 1 0 1 1 0 1 0 vec2239 
1 0 1 0 0 1 0 0 1 1 vec2240 
1 1 0 1 1 1 1 1 0 0 vec2241 
1 1 0 0 1 1 1 0 1 1 vec2242 
1 0 1 0 0 1 0 0 0 1 vec2243 
0 0 0 1 1 1 1 0 0 1 vec2244 
1 1 1 0 1 1 1 0 1 0 vec2245 
0 0 1 0 0 1 0 1 1 0 vec2246 
1 1 1 1 0 0 1 0 0 1 vec2247 
1 0 1 1 1 0 0 0 1 0 vec2248 
0 1 1 0 1 1 1 1 0 0 vec2249 
0 0 1 0 0 1 0 1 1 1 vec2250 
1 1 0 1 0 1 1 1 1 0 vec2251 
1 1 1 1 0 1 1 1 1 1 vec2252 
1 0 1 1 0 1 1 0 1 0 vec2253 
1 0 1 1 0 1 1 0 0 0 vec2254 
1 1 1 0 0 1 0 0 1 1 vec2255 
1 1 1 1 0 1 1 0 1 1 vec2256 
1 0 1 1 0 0 0 1 0 0 vec2257 
1 1 0 1 0 1 1 0 0 0 vec2258 
1 0 0 1 1 1 1 0 1 1 vec2259 
0 0 1 0 0 0 0 1 1 0 vec2260 
1 1 1 0 0 1 1 1 0 1 vec2261 
0 0 1 1 0 1 0 0 0 1 vec2262 
1 1 0 1 0 0 1 1 1 1 vec2263 
1 0 1 1 0 0 1 1 1 1 vec2264 
1 1 1 0 1 0 1 0 0 0 vec2265 
1 0 1 0 0 1 1 1 0 1 vec2266 
1 0 1 1 1 1 0 0 0 0 vec2267 
1 1 1 1 0 1 1 1 0 0 vec2268 
1 1 1 0 0 1 0 1 1 1 vec2269 
1 1 0 1 1 1 1 0 1 1 vec2270 
1 1 0 1 1 1 0 0 1 0 vec2271 
0 1 1 1 0 1 0 1 1 0 vec2272 
0 0 1 1 0 1 0 0 1 0 vec2273 
0 0 1 1 0 1 0 0 0 0 vec2274 
1 1 0 1 0 1 1 0 1 1 vec2275 
1 0 1 0 0 1 0 0 0 0 vec2276 
1 0 1 1 0 1 1 0 1 1 vec2277 
1 0 1 1 0 1 1 0 0 0 vec2278 
1 0 1 1 0 1 1 1 1 1 vec2279 
0 0 0 1 1 0 0 1 0 1 vec2280 
0 1 1 1 0 1 0 0 1 1 vec2281 
0 0 1 0 0 1 0 1 0 1 vec2282 
1 1 1 0 0 1 1 0 1 0 vec2283 
1 0 1 1 1 1 1 1 1 1 vec2284 
1 1 0 1 1 1 1 0 1 0 vec2285 
0 1 1 1 0 1 0 1 0 0 vec2286 
1 1 1 0 1 1 1 0 0 0 vec2287 
1 0 1 1 0 1 1 1 0 1 vec2288 
1 0 1 1 1 1 1 0 1 1 vec2289 
0 0 1 0 0 1 0 1 0 0 vec2290 
1 1 1 1 0 1 1 0 0 0 vec2291 
1 1 0 1 1 1 1 0 0 0 vec2292 
1 1 0 0 0 1 1 0 1 1 vec2293 
1 1 0 1 1 1 1 1 1 0 vec2294 
1 1 1 1 0 1 1 1 0 0 vec2295 
1 1 0 1 1 1 1 0 1 1 vec2296 
1 1 0 1 0 1 1 0 0 1 vec2297 
0 0 1 1 1 1 0 1 1 1 vec2298 
1 1 1 1 0 1 1 0 0 1 vec2299 
1 1 0 1 1 1 1 0 0 1 vec2300 
0 1 1 1 1 1 1 0 0 0 vec2301 
1 0 1 0 0 1 0 1 1 0 vec2302 
0 1 1 1 0 1 1 1 1 0 vec2303 
1 1 1 1 0 1 1 1 1 0 vec2304 
1 1 0 1 0 1 1 0 1 1 vec2305 
0 0 1 0 0 1 0 1 0 0 vec2306 
1 1 0 1 1 1 1 1 1 1 vec2307 
0 1 0 1 1 1 1 0 1 1 vec2308 
1 0 1 0 1 0 1 1 0 1 vec2309 
0 0 1 0 0 1 1 1 1 1 vec2310 
1 1 1 1 1 1 1 1 1 0 vec2311 
1 1 0 1 1 1 1 1 0 0 vec2312 
1 1 1 1 1 1 0 1 0 0 vec2313 
0 0 1 1 1 0 1 0 1 0 vec2314 
0 0 1 0 0 0 0 0 1 1 vec2315 
1 1 0 1 1 1 1 1 0 1 vec2316 
1 1 1 1 0 1 1 0 0 1 vec2317 
1 0 1 0 0 1 0 1 1 1 vec2318 
1 1 0 1 0 1 1 0 0 1 vec2319 
1 1 1 1 1 0 1 0 0 0 vec2320 
0 0 1 1 0 1 0 1 0 0 vec2321 
1 1 0 1 0 1 1 1 1 0 vec2322 
1 1 1 1 0 1 1 0 0 0 vec2323 
1 1 1 0 0 1 1 0 0 0 vec2324 
1 1 1 0 1 1 1 1 1 1 vec2325 
1 1 0 1 0 1 1 0 1 0 vec2326 
1 0 1 0 0 1 1 0 0 1 vec2327 
1 0 1 1 1 0 1 0 1 1 vec2328 
1 1 0 1 0 1 1 1 0 1 vec2329 
1 0 1 0 1 1 1 1 0 1 vec2330 
1 1 1 0 0 1 1 0 0 1 vec2331 
1 1 0 1 1 1 1 1 0 1 vec2332 
1 1 0 0 0 1 1 0 0 1 vec2333 
0 1 0 1 0 0 1 1 1 0 vec2334 
1 1 1 1 0 1 1 0 0 1 vec2335 
1 1 0 0 0 1 1 0 1 1 vec2336 
1 0 1 0 0 0 1 1 0 0 vec2337 
0 0 1 1 0 1 0 0 0 0 vec2338 
1 1 0 1 1 1 1 0 1 1 vec2339 
1 1 1 1 0 1 0 0 0 1 vec2340 
1 0 1 1 0 1 0 1 1 1 vec2341 
1 0 1 1 1 0 1 1 0 1 vec2342 
1 1 0 1 1 1 1 1 0 1 vec2343 
1 0 1 1 0 0 1 1 0 1 vec2344 
1 1 1 0 0 1 0 0 1 0 vec2345 
1 0 0 0 0 1 0 0 0 0 vec2346 
1 0 1 0 0 1 0 0 1 1 vec2347 
1 1 1 0 1 1 1 0 0 0 vec2348 
1 0 1 1 1 0 1 1 1 0 vec2349 
1 1 1 1 0 1 1 0 0 0 vec2350 
1 0 1 1 1 0 0 0 1 1 vec2351 
1 0 1 0 1 1 0 0 0 1 vec2352 
1 0 1 0 0 1 0 0 0 1 vec2353 
0 1 1 1 0 1 0 0 0 0 vec2354 
0 1 1 0 0 1 0 1 0 1 vec2355 
1 1 0 1 0 1 0 1 0 0 vec2356 
1 1 0 1 1 1 1 1 0 0 vec2357 
1 1 1 1 0 1 1 1 1 1 vec2358 
0 0 0 0 1 1 0 1 1 1 vec2359 
1 0 1 1 0 1 0 1 1 1 vec2360 
1 0 1 1 0 1 1 1 0 0 vec2361 
1 1 1 1 1 1 1 1 0 0 vec2362 
1 1 0 1 1 1 1 1 1 1 vec2363 
1 1 0 1 0 1 1 0 0 1 vec2364 
1 0 1 1 0 1 1 0 1 0 vec2365 
1 0 1 0 0 1 0 0 1 1 vec2366 
1 1 0 1 1 1 1 0 1 0 vec2367 
0 0 1 0 1 1 0 0 1 1 vec2368 
1 1 1 1 1 1 1 1 0 1 vec2369 
1 0 1 1 0 1 1 0 0 0 vec2370 
0 1 1 1 0 1 1 0 1 1 vec2371 
0 0 1 1 0 1 1 1 0 0 vec2372 
1 1 0 1 1 1 1 0 0 0 vec2373 
1 1 0 1 1 1 0 0 1 1 vec2374 
0 0 1 0 0 1 0 0 0 1 vec2375 
1 1 1 0 1 1 1 1 1 0 vec2376 
1 1 0 1 1 1 1 0 0 1 vec2377 
0 0 1 1 0 1 1 1 1 1 vec2378 
1 1 1 0 1 1 1 0 0 1 vec2379 
1 1 1 1 0 0 1 0 0 0 vec2380 
1 0 1 0 0 1 0 0 0 1 vec2381 
1 1 0 1 1 1 1 0 1 0 vec2382 
1 1 1 0 0 0 1 1 0 0 vec2383 
0 1 1 1 1 0 1 1 0 1 vec2384 
0 0 1 0 0 1 0 0 0 0 vec2385 
0 1 0 0 0 0 1 0 0 1 vec2386 
1 1 1 1 0 1 1 0 1 0 vec2387 
1 0 1 1 0 1 1 1 0 0 vec2388 
1 1 1 1 1 0 1 1 0 1 vec2389 
1 1 1 0 1 1 0 0 0 1 vec2390 
0 0 1 1 0 0 0 1 1 1 vec2391 
1 1 0 1 1 1 1 0 1 1 vec2392 
1 0 1 1 1 0 1 1 1 0 vec2393 
0 1 1 1 0 1 0 1 1 0 vec2394 
1 0 1 1 0 1 0 1 0 1 vec2395 
1 1 1 0 1 1 1 0 1 0 vec2396 
1 0 1 1 1 1 1 1 0 1 vec2397 
1 1 0 1 0 1 1 0 0 0 vec2398 
1 1 0 1 0 1 1 1 0 1 vec2399 
1 0 1 0 0 1 0 1 1 0 vec2400 
1 1 0 1 1 1 1 0 1 1 vec2401 
1 0 1 0 1 1 1 0 0 1 vec2402 
0 0 1 1 0 1 0 1 0 0 vec2403 
1 1 0 1 1 1 1 1 0 0 vec2404 
1 0 1 0 1 1 1 1 0 1 vec2405 
0 1 1 1 0 1 0 1 1 1 vec2406 
0 1 0 1 1 1 1 0 0 0 vec2407 
1 0 1 1 0 1 1 0 1 0 vec2408 
0 0 1 0 0 0 0 0 0 0 vec2409 
0 0 1 0 0 1 0 0 1 0 vec2410 
0 0 1 0 0 1 0 1 1 1 vec2411 
1 1 1 1 0 1 1 1 0 1 vec2412 
1 1 1 1 0 1 1 0 1 1 vec2413 
1 1 1 1 1 1 1 0 0 0 vec2414 
1 0 1 0 0 1 0 1 0 1 vec2415 
1 0 1 1 0 1 1 1 1 1 vec2416 
0 1 0 1 0 1 0 0 0 0 vec2417 
0 0 1 0 0 1 0 1 1 0 vec2418 
1 1 1 0 1 1 1 1 0 0 vec2419 
0 1 1 1 0 1 0 1 0 1 vec2420 
1 0 1 0 0 1 1 1 1 1 vec2421 
0 0 1 0 0 1 0 0 1 0 vec2422 
1 0 1 1 1 1 1 1 0 1 vec2423 
1 0 1 1 1 1 1 1 1 1 vec2424 
1 1 1 1 0 1 1 1 0 1 vec2425 
1 0 1 1 0 1 1 1 0 1 vec2426 
1 1 0 1 1 1 1 1 0 1 vec2427 
1 1 1 1 1 1 1 1 0 0 vec2428 
1 0 1 1 0 1 1 1 0 0 vec2429 
1 1 0 1 1 1 1 1 1 1 vec2430 
0 1 1 1 0 1 0 1 0 1 vec2431 
0 1 1 1 0 1 0 0 1 1 vec2432 
1 1 0 1 1 1 1 0 1 0 vec2433 
1 1 1 1 0 1 1 0 0 0 vec2434 
1 0 1 1 1 1 1 1 1 1 vec2435 
1 1 1 1 1 1 1 0 0 1 vec2436 
1 1 1 0 1 1 0 0 1 1 vec2437 
1 1 0 1 1 1 1 1 0 0 vec2438 
1 1 0 1 1 1 1 1 1 0 vec2439 
0 1 1 1 1 1 1 1 1 0 vec2440 
1 1 1 0 0 0 0 1 1 1 vec2441 
1 0 1 0 0 1 0 0 1 0 vec2442 
1 1 1 1 1 1 1 0 1 0 vec2443 
1 1 0 1 1 1 1 1 0 1 vec2444 
1 1 1 1 0 1 1 1 1 1 vec2445 
1 0 1 0 1 1 1 0 1 0 vec2446 
1 1 0 1 0 0 1 0 1 0 vec2447 
1 0 1 1 0 1 1 0 1 0 vec2448 
1 1 1 0 1 1 1 0 0 1 vec2449 
1 0 1 1 0 1 0 1 0 1 vec2450 
0 0 1 0 0 0 0 0 0 1 vec2451 
1 0 1 0 0 1 0 1 0 0 vec2452 
1 0 1 0 1 1 1 1 1 0 vec2453 
1 1 1 1 1 1 1 0 1 1 vec2454 
1 0 1 1 0 1 1 1 0 1 vec2455 
1 1 0 1 0 1 1 0 0 1 vec2456 
1 1 1 0 0 1 1 0 1 0 vec2457 
1 1 1 0 1 1 0 0 1 0 vec2458 
1 1 1 1 0 1 1 1 1 1 vec2459 
1 1 1 1 0 0 1 1 0 0 vec2460 
1 1 0 1 1 1 1 1 1 0 vec2461 
1 1 0 1 0 1 1 0 0 1 vec2462 
1 1 0 1 0 1 1 1 1 1 vec2463 
1 1 0 1 0 1 1 1 1 1 vec2464 
0 1 1 1 0 1 1 1 0 1 vec2465 
1 1 0 1 0 0 1 0 1 0 vec2466 
1 1 1 1 0 0 1 1 1 1 vec2467 
1 1 0 1 1 1 1 1 1 1 vec2468 
1 1 0 0 1 1 1 1 0 0 vec2469 
1 1 1 0 1 1 1 0 1 0 vec2470 
1 0 0 1 0 1 1 1 0 1 vec2471 
1 1 1 1 1 1 0 1 1 0 vec2472 
1 1 0 1 0 0 1 1 1 0 vec2473 
1 0 0 1 0 1 1 0 0 1 vec2474 
0 0 1 0 0 0 0 0 0 0 vec2475 
0 1 1 1 0 1 0 0 0 0 vec2476 
1 1 1 1 0 1 1 0 0 0 vec2477 
0 1 1 1 0 0 0 0 1 1 vec2478 
1 1 1 1 0 1 1 0 0 1 vec2479 
1 1 1 1 1 1 1 0 1 1 vec2480 
1 1 0 1 1 1 1 1 0 1 vec2481 
0 0 0 1 0 1 1 1 0 0 vec2482 
1 0 1 1 1 0 1 0 0 1 vec2483 
1 1 0 1 0 1 1 1 1 0 vec2484 
0 0 1 0 0 1 0 0 0 0 vec2485 
1 1 1 0 0 1 1 1 0 0 vec2486 
0 1 1 0 0 1 0 0 1 0 vec2487 
0 0 1 0 0 1 0 0 0 0 vec2488 
1 1 0 1 0 1 1 1 1 1 vec2489 
0 0 1 1 0 0 1 0 1 1 vec2490 
1 1 0 1 0 1 1 1 1 0 vec2491 
1 0 1 1 0 1 1 0 1 0 vec2492 
1 0 0 0 0 1 0 1 1 1 vec2493 
1 0 1 0 0 1 0 1 0 1 vec2494 
1 0 0 0 0 1 0 1 1 1 vec2495 
0 1 1 0 1 1 1 1 1 0 vec2496 
1 1 0 0 0 0 0 1 1 1 vec2497 
1 0 1 1 1 1 1 1 1 1 vec2498 
1 0 1 1 1 0 1 0 0 1 vec2499 
1 1 1 1 1 1 1 0 0 1 vec2500 
1 0 1 0 0 0 1 1 1 1 vec2501 
0 0 1 0 0 1 0 1 0 1 vec2502 
0 0 0 0 0 1 0 1 0 1 vec2503 
1 0 1 1 0 1 1 0 0 1 vec2504 
1 1 1 0 1 1 1 0 1 0 vec2505 
1 0 1 1 0 1 1 1 1 0 vec2506 
0 1 1 1 0 1 0 0 0 0 vec2507 
1 1 1 1 0 1 0 0 1 1 vec2508 
1 1 1 1 1 1 1 0 0 1 vec2509 
0 0 1 1 1 1 1 0 0 1 vec2510 
0 0 1 0 0 1 0 1 1 1 vec2511 
1 1 1 1 0 1 0 1 0 0 vec2512 
1 0 1 1 0 1 1 1 1 0 vec2513 
1 1 0 1 0 1 1 0 1 0 vec2514 
1 1 0 1 1 1 1 1 0 1 vec2515 
1 1 0 1 1 0 1 1 0 0 vec2516 
1 1 1 1 1 1 1 0 0 0 vec2517 
0 0 1 0 0 1 0 1 0 0 vec2518 
0 0 1 1 0 1 0 1 0 1 vec2519 
1 0 1 1 1 0 1 0 0 1 vec2520 
1 1 1 1 0 0 1 1 0 0 vec2521 
0 1 1 1 0 1 0 1 1 0 vec2522 
1 0 1 1 1 0 1 0 1 1 vec2523 
1 1 1 0 1 0 1 0 0 1 vec2524 
1 1 1 1 1 1 1 0 1 0 vec2525 
1 1 1 1 0 1 1 1 0 1 vec2526 
1 1 0 1 0 1 1 0 0 0 vec2527 
1 0 0 1 0 1 1 1 1 1 vec2528 
0 0 1 1 0 1 0 1 0 0 vec2529 
1 0 1 1 0 0 1 0 0 1 vec2530 
1 0 1 1 1 1 1 1 1 1 vec2531 
1 1 1 0 1 1 1 0 1 0 vec2532 
1 1 0 1 0 1 1 1 0 0 vec2533 
1 1 0 1 0 1 1 0 0 1 vec2534 
1 0 1 0 0 1 1 1 1 1 vec2535 
1 1 1 1 0 0 1 0 1 1 vec2536 
1 0 1 0 0 1 0 0 1 1 vec2537 
0 1 1 1 0 1 0 1 0 1 vec2538 
1 1 1 0 1 1 1 1 0 0 vec2539 
1 0 1 0 1 1 0 0 1 1 vec2540 
0 0 1 0 0 1 0 1 1 0 vec2541 
1 1 0 1 0 1 1 0 1 0 vec2542 
1 1 0 1 1 1 1 0 1 1 vec2543 
0 1 0 0 1 1 1 1 0 0 vec2544 
1 0 0 1 1 1 1 0 0 1 vec2545 
0 1 1 0 1 1 0 0 0 0 vec2546 
1 0 1 1 0 1 1 1 1 0 vec2547 
0 1 1 1 0 1 0 1 1 1 vec2548 
1 1 1 0 1 1 0 1 1 0 vec2549 
1 0 1 1 0 1 1 1 1 1 vec2550 
1 1 1 0 0 1 0 1 0 1 vec2551 
0 1 1 1 0 1 0 1 0 1 vec2552 
1 0 1 0 1 0 1 1 0 0 vec2553 
1 1 0 1 1 1 1 0 1 1 vec2554 
1 0 1 0 0 1 0 1 0 1 vec2555 
1 1 1 1 0 1 0 0 0 0 vec2556 
1 1 1 1 1 1 1 1 1 0 vec2557 
1 0 0 0 0 1 0 1 1 1 vec2558 
1 1 0 0 0 1 1 1 0 0 vec2559 
1 1 0 1 0 0 1 1 1 0 vec2560 
0 1 1 1 0 1 0 0 0 1 vec2561 
1 0 1 1 0 1 1 1 1 0 vec2562 
1 0 1 0 0 0 1 0 0 1 vec2563 
1 1 1 0 0 1 1 0 0 1 vec2564 
0 0 1 1 0 1 0 0 1 1 vec2565 
1 1 1 1 0 1 1 0 1 0 vec2566 
1 1 0 1 0 0 1 1 0 0 vec2567 
0 0 0 1 0 1 1 1 0 0 vec2568 
0 1 1 1 0 1 0 1 0 1 vec2569 
0 0 1 0 0 1 0 0 1 1 vec2570 
0 0 1 0 0 1 1 1 0 0 vec2571 
0 1 1 1 0 1 1 0 1 0 vec2572 
0 0 1 0 0 0 0 0 0 0 vec2573 
1 1 1 1 0 1 1 0 1 1 vec2574 
1 0 1 1 1 0 0 1 0 0 vec2575 
1 0 1 1 1 1 1 0 1 0 vec2576 
1 1 0 1 1 1 1 1 0 1 vec2577 
0 0 0 0 0 1 0 0 1 1 vec2578 
1 0 1 1 1 0 1 0 1 0 vec2579 
1 1 0 1 1 1 1 1 1 1 vec2580 
1 1 1 1 0 1 1 1 1 1 vec2581 
1 1 1 1 0 1 1 0 0 0 vec2582 
1 1 0 1 0 1 1 0 0 1 vec2583 
1 1 0 1 1 1 1 1 0 1 vec2584 
1 1 0 1 0 1 0 1 0 0 vec2585 
1 1 1 1 0 1 0 1 0 0 vec2586 
1 0 1 1 1 0 1 1 1 0 vec2587 
1 1 1 0 1 1 1 0 1 0 vec2588 
1 1 1 1 1 1 1 1 0 0 vec2589 
1 0 0 0 0 1 1 1 1 1 vec2590 
1 0 1 1 1 1 0 1 0 0 vec2591 
1 1 1 1 1 1 1 0 1 1 vec2592 
1 0 1 1 0 1 0 0 1 1 vec2593 
1 1 1 1 1 1 1 0 1 0 vec2594 
1 0 0 1 1 0 1 0 1 1 vec2595 
1 1 1 0 0 0 0 0 0 1 vec2596 
1 1 1 1 1 1 1 0 0 1 vec2597 
1 0 0 1 0 1 1 0 0 0 vec2598 
1 0 1 0 0 1 0 1 1 1 vec2599 
1 1 0 1 1 0 1 1 0 0 vec2600 
1 1 1 0 1 1 1 0 1 0 vec2601 
0 0 0 1 0 0 1 1 0 0 vec2602 
0 0 1 0 0 1 0 0 1 1 vec2603 
1 1 1 0 1 1 1 0 0 1 vec2604 
1 1 0 1 0 1 0 0 0 1 vec2605 
0 0 1 0 0 1 0 1 0 0 vec2606 
1 1 0 1 1 1 1 1 1 1 vec2607 
1 1 1 1 0 1 1 0 1 0 vec2608 
1 1 0 1 0 1 1 0 1 1 vec2609 
1 1 1 1 0 1 1 0 0 0 vec2610 
0 0 1 0 0 1 0 1 1 1 vec2611 
1 0 1 1 0 1 0 1 1 0 vec2612 
1 0 1 1 0 1 0 0 0 0 vec2613 
1 0 0 1 1 0 0 1 0 1 vec2614 
1 1 1 0 0 1 1 1 0 0 vec2615 
1 0 1 0 1 1 1 1 1 0 vec2616 
0 1 1 0 0 1 1 1 0 0 vec2617 
1 1 1 1 1 1 1 1 1 1 vec2618 
1 1 1 1 1 1 1 1 0 1 vec2619 
1 1 1 0 1 1 1 1 0 0 vec2620 
1 1 1 0 1 1 1 0 0 1 vec2621 
1 1 1 1 0 1 1 0 1 0 vec2622 
0 0 1 0 0 1 0 0 1 1 vec2623 
1 0 1 0 0 1 0 0 0 1 vec2624 
0 0 1 1 0 1 1 1 0 0 vec2625 
1 0 1 1 1 0 1 1 0 1 vec2626 
1 0 1 0 0 1 0 0 0 1 vec2627 
0 1 0 1 0 1 0 1 1 1 vec2628 
1 1 1 1 0 1 0 1 1 0 vec2629 
1 0 0 1 1 1 1 0 0 0 vec2630 
1 1 0 1 0 1 1 0 0 0 vec2631 
0 1 0 1 1 1 1 1 1 1 vec2632 
1 0 1 1 0 1 1 1 1 1 vec2633 
1 0 1 1 0 1 0 1 1 0 vec2634 
1 0 1 0 0 1 0 0 0 0 vec2635 
1 1 1 1 1 1 1 0 1 1 vec2636 
1 1 1 0 1 1 1 1 0 0 vec2637 
1 0 1 1 0 1 1 1 1 0 vec2638 
1 1 0 1 0 1 1 1 0 0 vec2639 
1 1 1 0 1 0 1 0 1 0 vec2640 
1 1 0 1 0 1 1 0 0 0 vec2641 
1 1 0 0 0 1 1 1 1 0 vec2642 
0 1 1 1 0 1 0 0 1 0 vec2643 
1 1 0 1 0 1 1 1 0 0 vec2644 
1 1 1 1 0 0 1 0 0 0 vec2645 
1 0 1 1 1 0 1 1 0 1 vec2646 
1 1 0 1 1 1 1 0 0 1 vec2647 
1 1 1 1 1 1 1 1 0 0 vec2648 
1 0 1 0 0 1 0 1 1 0 vec2649 
1 1 1 0 1 1 1 0 1 0 vec2650 
0 0 1 1 0 0 0 1 1 0 vec2651 
1 1 1 1 0 1 1 1 0 1 vec2652 
1 1 0 1 0 1 1 0 0 0 vec2653 
1 1 1 1 0 1 1 0 0 1 vec2654 
0 0 1 0 0 1 1 1 1 1 vec2655 
1 1 1 1 0 1 1 1 1 1 vec2656 
1 1 1 1 1 1 1 0 1 0 vec2657 
1 0 1 0 0 0 0 1 0 0 vec2658 
1 0 0 1 1 0 1 1 0 1 vec2659 
1 0 1 1 0 1 1 1 1 1 vec2660 
1 0 1 0 1 0 1 0 0 0 vec2661 
1 0 1 1 0 1 1 0 0 0 vec2662 
1 0 1 1 0 1 0 0 0 1 vec2663 
1 0 1 0 0 1 0 0 0 0 vec2664 
1 0 1 0 0 1 0 0 1 0 vec2665 
1 1 0 1 1 0 1 0 1 1 vec2666 
1 1 1 1 0 1 1 1 0 1 vec2667 
0 1 0 1 1 1 0 0 1 1 vec2668 
1 0 1 1 0 1 1 0 1 0 vec2669 
0 1 1 1 0 1 0 1 1 0 vec2670 
1 1 0 1 1 1 1 0 1 1 vec2671 
1 1 0 1 0 1 1 0 0 1 vec2672 
0 1 1 1 0 1 1 1 1 0 vec2673 
1 1 1 0 0 0 0 1 0 1 vec2674 
1 1 0 1 0 1 0 0 1 1 vec2675 
1 0 1 1 1 0 1 0 0 0 vec2676 
1 1 1 0 0 1 1 0 0 0 vec2677 
1 0 1 1 0 0 1 0 0 0 vec2678 
0 1 1 1 0 1 0 0 1 1 vec2679 
1 1 1 1 1 1 1 1 0 1 vec2680 
0 1 1 1 1 1 0 0 1 1 vec2681 
1 1 1 0 1 1 1 1 1 1 vec2682 
1 1 0 1 0 1 1 0 0 1 vec2683 
0 0 1 1 0 0 1 1 0 0 vec2684 
1 1 1 1 0 1 1 0 1 1 vec2685 
1 1 1 1 1 1 1 0 1 1 vec2686 
1 1 1 1 0 1 1 1 1 0 vec2687 
1 1 1 0 1 1 1 1 0 0 vec2688 
1 1 1 0 1 1 1 1 1 0 vec2689 
1 1 1 0 1 0 1 0 0 1 vec2690 
1 1 0 1 1 1 1 1 1 1 vec2691 
0 1 1 1 0 1 0 1 1 1 vec2692 
0 1 1 1 0 1 1 0 1 0 vec2693 
1 1 1 1 0 1 0 1 0 0 vec2694 
1 0 1 0 0 1 1 1 1 1 vec2695 
1 0 1 1 1 0 1 1 0 1 vec2696 
1 1 1 1 0 1 1 1 1 1 vec2697 
1 0 1 0 0 1 0 0 1 1 vec2698 
1 1 0 1 1 1 0 0 1 1 vec2699 
1 0 1 1 0 1 1 0 0 0 vec2700 
1 1 1 0 1 1 1 1 1 1 vec2701 
1 0 1 1 0 1 1 0 1 1 vec2702 
1 1 1 0 1 0 1 1 1 1 vec2703 
0 1 0 1 1 1 1 0 0 1 vec2704 
1 1 1 0 1 1 0 1 0 1 vec2705 
0 0 1 0 0 1 0 0 1 1 vec2706 
1 0 1 0 1 1 0 1 0 1 vec2707 
0 1 1 1 0 0 0 1 0 1 vec2708 
1 1 0 1 0 1 1 0 1 0 vec2709 
0 1 0 1 0 1 1 0 1 1 vec2710 
1 0 1 1 0 1 0 0 0 0 vec2711 
1 1 1 0 1 1 1 1 0 0 vec2712 
1 1 0 1 1 1 1 1 0 0 vec2713 
1 1 0 1 1 1 1 0 1 0 vec2714 
1 0 1 1 1 0 1 1 0 1 vec2715 
1 0 1 1 1 0 1 0 1 0 vec2716 
1 1 0 0 1 1 1 0 0 1 vec2717 
1 0 1 1 1 1 1 1 1 1 vec2718 
1 0 1 1 1 0 1 0 0 1 vec2719 
1 1 0 1 0 1 1 0 1 0 vec2720 
1 0 1 0 0 1 1 1 0 1 vec2721 
1 1 1 1 0 0 1 0 0 1 vec2722 
1 0 1 0 0 1 1 1 1 0 vec2723 
1 1 1 1 1 1 1 0 0 0 vec2724 
1 0 1 1 0 1 1 1 0 0 vec2725 
1 1 0 1 1 1 1 0 0 0 vec2726 
1 0 1 1 1 1 1 0 1 1 vec2727 
1 0 1 1 0 1 1 1 0 1 vec2728 
1 0 1 1 1 1 1 1 0 0 vec2729 
1 1 1 1 1 1 1 0 0 0 vec2730 
1 1 1 0 1 1 1 1 0 1 vec2731 
1 1 1 0 1 1 1 1 0 1 vec2732 
1 0 1 1 0 1 1 0 0 1 vec2733 
1 0 0 0 1 1 1 1 0 0 vec2734 
1 1 1 1 1 1 1 0 1 0 vec2735 
1 0 1 1 1 0 1 1 0 1 vec2736 
1 1 0 1 1 1 0 1 1 1 vec2737 
0 0 1 0 0 1 1 1 1 0 vec2738 
0 0 1 0 0 1 0 0 1 0 vec2739 
0 0 1 1 0 1 0 0 1 0 vec2740 
1 0 1 1 1 0 1 0 1 1 vec2741 
1 1 1 0 1 1 1 1 0 1 vec2742 
1 0 1 1 0 1 1 1 1 1 vec2743 
1 1 0 1 0 1 1 1 0 0 vec2744 
1 1 0 1 0 1 1 0 1 1 vec2745 
1 1 0 1 1 1 1 1 0 1 vec2746 
0 1 1 0 1 1 0 1 1 0 vec2747 
1 1 0 1 1 1 1 1 1 0 vec2748 
1 1 0 0 1 0 1 1 1 1 vec2749 
1 1 0 1 1 0 1 1 0 0 vec2750 
1 1 1 0 0 1 1 0 0 1 vec2751 
1 1 1 0 1 1 1 1 1 0 vec2752 
0 1 1 1 0 1 1 0 1 0 vec2753 
1 0 1 1 1 1 1 1 0 0 vec2754 
1 1 0 1 1 0 1 1 0 0 vec2755 
1 1 0 1 1 1 1 1 1 0 vec2756 
1 1 1 0 1 1 1 1 1 1 vec2757 
1 1 1 0 1 1 0 1 0 0 vec2758 
1 0 1 1 0 1 1 1 0 0 vec2759 
1 0 1 1 0 1 1 1 0 1 vec2760 
1 0 1 1 1 0 1 0 0 1 vec2761 
1 1 0 0 0 1 1 0 1 0 vec2762 
1 1 1 1 0 1 1 1 1 0 vec2763 
1 0 0 1 1 0 1 1 1 1 vec2764 
0 1 1 0 1 1 1 1 0 1 vec2765 
1 0 1 0 0 1 0 1 1 0 vec2766 
0 0 0 1 1 0 1 1 0 0 vec2767 
0 1 1 1 1 0 0 1 1 0 vec2768 
1 1 1 1 0 1 1 1 0 0 vec2769 
1 1 0 1 1 1 1 1 1 1 vec2770 
1 1 0 0 1 1 0 0 1 0 vec2771 
1 0 1 0 0 1 0 0 1 0 vec2772 
1 0 0 0 0 0 0 0 1 0 vec2773 
0 0 1 0 0 1 0 0 1 1 vec2774 
1 1 0 0 1 0 1 1 1 1 vec2775 
1 1 1 1 0 1 1 1 0 1 vec2776 
1 1 0 1 0 1 0 1 1 1 vec2777 
0 1 1 1 0 1 0 0 1 1 vec2778 
0 0 1 1 0 1 0 0 0 1 vec2779 
0 1 1 0 1 1 1 0 0 0 vec2780 
1 1 0 1 1 1 1 1 1 0 vec2781 
1 0 0 1 0 1 1 1 1 0 vec2782 
0 0 1 0 0 1 0 1 1 0 vec2783 
1 1 1 1 0 1 1 0 1 0 vec2784 
1 1 1 1 1 1 0 0 0 0 vec2785 
0 0 0 0 0 1 1 0 0 0 vec2786 
1 0 1 1 0 1 1 1 1 0 vec2787 
1 1 1 0 1 1 1 1 1 1 vec2788 
1 0 1 1 1 1 1 0 1 0 vec2789 
1 1 0 0 1 1 1 0 1 1 vec2790 
1 0 1 0 1 0 1 0 1 1 vec2791 
1 1 1 0 0 0 0 0 0 0 vec2792 
1 0 1 1 1 0 1 0 1 0 vec2793 
1 0 0 1 0 1 0 1 1 0 vec2794 
0 1 0 1 0 1 0 0 0 1 vec2795 
1 1 1 1 0 1 1 1 0 1 vec2796 
0 1 1 1 0 1 0 1 0 0 vec2797 
1 0 0 1 1 1 1 1 1 1 vec2798 
1 1 0 1 1 0 1 1 1 0 vec2799 
1 1 0 1 1 1 1 1 1 1 vec2800 
1 0 1 1 1 0 1 0 0 0 vec2801 
1 0 1 1 0 1 0 1 1 0 vec2802 
1 1 1 1 0 1 1 1 0 0 vec2803 
1 1 1 1 0 1 1 1 1 1 vec2804 
1 0 1 1 1 0 1 0 1 1 vec2805 
1 1 1 1 0 1 1 0 0 1 vec2806 
0 0 1 0 0 1 0 0 1 1 vec2807 
1 1 0 1 1 1 1 0 1 0 vec2808 
0 1 1 1 0 1 0 0 1 0 vec2809 
1 0 0 1 1 0 1 0 1 0 vec2810 
1 0 1 1 1 0 0 0 0 1 vec2811 
1 1 1 0 1 0 1 1 1 1 vec2812 
1 0 1 0 1 1 0 1 0 1 vec2813 
0 0 1 0 0 1 0 0 1 1 vec2814 
1 1 0 1 1 1 1 0 1 0 vec2815 
0 0 1 0 0 1 0 0 0 1 vec2816 
1 1 1 1 1 0 1 0 0 0 vec2817 
1 1 1 1 0 1 1 0 0 0 vec2818 
0 1 1 1 0 0 0 0 1 1 vec2819 
1 1 0 0 0 0 1 1 1 1 vec2820 
1 0 1 1 0 1 1 1 0 1 vec2821 
0 1 1 1 0 1 0 0 0 0 vec2822 
1 0 1 0 0 1 0 1 1 0 vec2823 
1 1 0 1 1 1 1 0 0 1 vec2824 
1 1 1 1 1 0 1 1 0 1 vec2825 
1 0 1 1 1 0 1 0 0 0 vec2826 
1 1 0 1 1 1 1 0 1 0 vec2827 
1 0 1 1 0 0 1 0 0 1 vec2828 
1 1 1 0 1 1 1 0 0 0 vec2829 
1 1 1 1 0 1 1 0 1 0 vec2830 
1 1 0 1 0 1 0 1 1 0 vec2831 
1 0 1 1 0 1 1 1 1 1 vec2832 
1 1 0 1 0 1 0 1 1 0 vec2833 
1 1 1 0 1 1 1 1 0 1 vec2834 
1 1 0 1 1 1 1 1 1 0 vec2835 
1 1 1 1 1 0 0 1 0 0 vec2836 
1 0 1 1 1 0 1 1 1 1 vec2837 
1 0 1 0 0 1 1 0 1 0 vec2838 
1 1 1 1 1 1 1 1 1 1 vec2839 
1 0 1 1 1 0 1 0 0 1 vec2840 
1 1 1 1 0 1 1 0 0 1 vec2841 
1 1 0 0 1 0 1 0 1 1 vec2842 
0 1 1 0 1 1 1 0 0 0 vec2843 
1 0 1 1 0 1 1 1 1 0 vec2844 
1 1 1 1 0 1 0 0 0 1 vec2845 
0 0 1 0 0 1 1 1 1 0 vec2846 
1 0 1 0 0 1 0 1 1 1 vec2847 
1 1 0 1 1 1 1 0 1 0 vec2848 
1 0 1 0 0 1 0 0 1 0 vec2849 
1 0 1 1 1 1 1 0 1 1 vec2850 
0 0 1 0 0 0 0 1 1 0 vec2851 
1 1 0 1 1 1 0 1 0 0 vec2852 
1 0 1 0 0 0 0 1 0 1 vec2853 
1 1 1 1 1 0 1 1 1 1 vec2854 
0 0 1 0 0 1 0 0 0 1 vec2855 
1 1 1 0 1 1 1 1 1 1 vec2856 
0 1 1 0 0 1 0 0 1 1 vec2857 
0 1 1 0 1 1 1 0 0 1 vec2858 
1 1 1 1 0 1 1 1 0 0 vec2859 
0 0 1 0 1 1 0 0 0 1 vec2860 
1 1 1 1 0 1 1 1 1 1 vec2861 
1 1 1 0 0 1 0 0 0 1 vec2862 
1 1 1 0 0 1 1 0 0 0 vec2863 
1 0 1 1 1 1 1 1 1 1 vec2864 
1 1 1 1 1 0 0 0 1 1 vec2865 
0 1 0 1 1 1 1 1 0 1 vec2866 
1 0 1 0 0 1 0 0 1 0 vec2867 
1 0 1 1 1 0 1 1 1 1 vec2868 
1 1 0 1 0 1 1 0 0 0 vec2869 
1 1 0 1 1 1 1 1 0 0 vec2870 
1 0 1 1 0 1 1 0 1 1 vec2871 
1 0 1 1 0 1 1 0 1 1 vec2872 
1 0 1 1 0 1 1 1 0 1 vec2873 
1 0 1 1 1 1 1 0 0 1 vec2874 
1 1 1 0 0 1 1 1 1 1 vec2875 
1 0 1 1 0 1 1 0 1 1 vec2876 
1 1 1 1 0 1 1 1 1 1 vec2877 
0 1 1 1 0 1 0 1 0 0 vec2878 
0 1 1 1 0 1 1 1 0 1 vec2879 
0 1 1 1 0 1 0 0 1 0 vec2880 
1 1 1 0 1 1 1 0 1 0 vec2881 
1 1 0 1 0 1 1 1 1 0 vec2882 
1 0 1 0 0 1 0 0 1 0 vec2883 
1 0 1 0 0 1 1 0 1 1 vec2884 
1 0 1 0 0 1 0 1 0 0 vec2885 
1 1 1 0 1 1 1 1 0 1 vec2886 
1 0 1 1 0 1 1 0 0 0 vec2887 
1 1 1 1 0 1 0 0 1 0 vec2888 
1 1 0 1 1 1 1 0 1 0 vec2889 
1 0 1 0 0 1 1 0 1 1 vec2890 
1 1 1 1 0 1 1 0 0 1 vec2891 
1 1 0 1 0 1 1 0 1 1 vec2892 
1 0 1 0 0 1 0 1 0 0 vec2893 
1 1 1 0 1 1 1 0 0 0 vec2894 
0 1 0 1 1 1 1 0 0 0 vec2895 
1 1 0 1 1 1 1 1 0 0 vec2896 
1 0 1 0 0 0 0 1 1 1 vec2897 
1 1 1 1 1 0 1 0 0 1 vec2898 
1 0 1 0 1 1 1 0 1 1 vec2899 
0 1 1 1 0 1 0 1 0 0 vec2900 
1 0 1 0 0 1 1 0 0 0 vec2901 
0 0 1 1 1 0 1 0 0 1 vec2902 
1 0 1 0 1 0 0 1 0 0 vec2903 
1 1 1 0 1 1 1 0 1 1 vec2904 
1 1 0 0 0 1 1 0 1 0 vec2905 
1 1 1 1 1 1 0 0 1 0 vec2906 
1 1 0 1 0 1 1 0 1 1 vec2907 
1 1 0 1 0 1 0 1 1 1 vec2908 
1 0 1 0 0 0 1 1 0 1 vec2909 
1 1 0 1 0 1 1 1 1 1 vec2910 
1 0 1 1 0 0 1 1 1 0 vec2911 
1 0 1 1 1 1 1 1 0 0 vec2912 
1 0 1 1 1 0 1 0 1 0 vec2913 
0 1 1 1 1 0 1 0 0 1 vec2914 
1 1 1 0 1 1 1 1 0 0 vec2915 
1 1 1 1 1 1 1 0 1 0 vec2916 
1 0 1 1 1 0 0 1 1 0 vec2917 
1 0 1 1 0 1 1 0 0 0 vec2918 
1 1 0 1 0 1 1 0 0 0 vec2919 
1 0 1 0 0 1 0 0 1 1 vec2920 
1 0 1 0 0 1 0 0 0 1 vec2921 
1 0 1 1 1 1 1 1 1 0 vec2922 
1 1 0 1 1 1 1 1 1 1 vec2923 
0 1 1 1 0 1 0 1 1 1 vec2924 
0 0 1 1 1 1 1 1 1 1 vec2925 
1 1 0 1 0 1 1 0 1 1 vec2926 
0 1 0 0 0 1 1 1 1 1 vec2927 
0 0 1 0 0 1 1 0 1 0 vec2928 
1 1 1 0 1 1 1 1 1 0 vec2929 
0 1 1 1 0 1 1 0 1 1 vec2930 
1 1 0 1 0 1 1 1 1 1 vec2931 
0 1 1 1 0 1 0 1 0 0 vec2932 
1 1 1 1 0 0 1 0 1 1 vec2933 
0 1 0 1 0 1 1 0 0 0 vec2934 
0 1 1 1 0 1 0 1 1 0 vec2935 
0 0 1 0 0 1 0 1 0 1 vec2936 
1 0 1 0 0 1 0 0 1 0 vec2937 
0 0 1 1 0 1 1 0 1 0 vec2938 
1 1 1 0 1 1 0 0 0 0 vec2939 
1 1 0 1 0 1 1 1 0 0 vec2940 
1 0 1 1 1 0 1 0 0 1 vec2941 
1 0 1 1 1 0 1 1 0 1 vec2942 
0 0 1 0 0 1 0 0 1 0 vec2943 
1 1 0 1 0 1 1 1 0 0 vec2944 
1 1 1 1 0 0 1 1 0 1 vec2945 
0 0 1 1 0 1 1 0 1 0 vec2946 
1 0 1 1 1 0 1 1 0 0 vec2947 
1 1 0 1 0 1 1 0 1 0 vec2948 
1 1 1 1 0 1 1 1 0 0 vec2949 
1 1 0 1 0 1 1 1 1 0 vec2950 
1 0 0 0 1 1 1 0 1 1 vec2951 
0 1 1 1 0 1 0 0 1 0 vec2952 
1 1 0 1 0 1 1 1 0 1 vec2953 
0 1 1 0 0 1 0 1 1 0 vec2954 
1 0 1 1 0 1 1 0 0 0 vec2955 
1 1 1 1 0 1 0 1 0 1 vec2956 
1 0 1 1 0 1 0 1 1 1 vec2957 
0 0 1 0 0 1 0 1 0 1 vec2958 
0 1 1 0 0 1 0 1 1 0 vec2959 
1 0 1 1 1 0 1 0 1 0 vec2960 
1 1 1 0 0 1 1 1 0 1 vec2961 
0 1 1 0 0 1 0 1 1 1 vec2962 
1 0 1 0 0 1 0 1 0 0 vec2963 
1 1 1 1 1 1 1 0 1 1 vec2964 
1 0 1 1 0 1 1 1 0 1 vec2965 
1 1 1 0 1 1 1 1 0 1 vec2966 
0 1 1 1 0 1 1 1 0 0 vec2967 
1 1 1 0 0 1 1 0 0 0 vec2968 
1 1 0 1 1 1 1 0 0 1 vec2969 
0 0 1 0 0 1 0 0 0 0 vec2970 
1 1 1 1 1 1 1 1 1 1 vec2971 
1 1 1 0 1 0 1 0 0 0 vec2972 
1 0 1 1 1 0 1 0 1 0 vec2973 
1 1 1 1 1 1 1 0 1 0 vec2974 
0 0 1 0 0 1 0 1 1 0 vec2975 
1 1 0 1 1 1 1 0 1 0 vec2976 
0 1 1 1 0 1 0 0 1 0 vec2977 
1 1 0 1 1 0 1 0 1 0 vec2978 
1 1 0 1 0 0 1 1 1 0 vec2979 
1 0 0 1 1 0 0 1 0 1 vec2980 
1 1 1 1 1 1 1 1 1 1 vec2981 
1 0 1 1 0 0 1 1 0 1 vec2982 
0 0 1 0 0 1 0 1 1 0 vec2983 
1 1 0 1 0 1 1 0 1 0 vec2984 
1 1 0 1 1 1 1 1 0 1 vec2985 
0 1 0 1 0 1 0 0 1 0 vec2986 
0 1 0 1 0 1 1 0 0 1 vec2987 
1 1 0 1 0 1 1 0 1 0 vec2988 
1 1 1 0 1 1 1 1 1 0 vec2989 
0 0 0 0 0 1 0 1 0 1 vec2990 
1 1 0 1 0 1 1 1 1 0 vec2991 
0 1 1 1 0 1 0 0 0 0 vec2992 
0 0 1 0 0 1 0 0 1 1 vec2993 
1 1 0 1 0 1 1 0 1 0 vec2994 
0 1 1 1 0 1 0 1 1 1 vec2995 
1 0 1 0 0 1 0 1 1 0 vec2996 
0 0 1 1 1 0 1 0 0 1 vec2997 
1 1 1 1 0 1 1 0 0 0 vec2998 
0 1 1 1 0 1 1 0 1 1 vec2999 
1 1 0 1 0 1 1 0 1 1 vec3000 
1 1 0 1 0 1 1 0 0 0 vec3001 
1 1 1 1 0 1 1 1 1 1 vec3002 
1 0 1 1 0 1 1 1 0 1 vec3003 
1 1 0 1 1 1 1 0 0 1 vec3004 
1 1 0 1 0 1 1 1 0 0 vec3005 
1 1 1 1 0 1 1 1 0 1 vec3006 
0 0 1 0 0 1 0 0 0 1 vec3007 
1 1 0 1 0 1 0 1 1 1 vec3008 
1 1 1 0 0 1 1 1 1 0 vec3009 
0 1 0 1 0 1 1 0 1 1 vec3010 
0 1 1 1 0 1 1 1 1 1 vec3011 
0 0 1 0 0 1 0 0 0 1 vec3012 
1 0 0 0 0 1 1 0 1 1 vec3013 
1 0 1 0 1 0 1 1 1 1 vec3014 
1 1 1 0 1 1 1 0 1 0 vec3015 
1 0 1 1 1 1 1 1 0 1 vec3016 
1 0 1 0 1 1 0 0 1 0 vec3017 
1 1 0 1 0 1 1 0 1 1 vec3018 
1 0 0 1 0 1 1 0 1 1 vec3019 
1 1 0 1 1 1 1 0 0 1 vec3020 
1 1 1 0 1 1 1 1 0 1 vec3021 
1 1 1 1 1 0 1 0 0 0 vec3022 
1 1 1 0 1 0 1 1 1 1 vec3023 
0 0 1 0 0 1 0 0 1 0 vec3024 
1 0 1 1 0 1 1 1 1 0 vec3025 
1 0 1 0 0 1 0 1 1 1 vec3026 
1 1 0 1 0 0 1 0 1 0 vec3027 
1 0 1 0 0 1 0 0 0 0 vec3028 
1 0 0 1 1 1 1 0 0 1 vec3029 
1 1 1 0 1 1 1 0 0 0 vec3030 
1 0 1 1 1 0 1 1 1 1 vec3031 
1 1 1 1 0 1 0 0 0 1 vec3032 
1 1 0 1 1 1 1 1 1 0 vec3033 
0 1 1 1 0 1 0 0 0 1 vec3034 
0 0 1 1 0 1 1 1 1 0 vec3035 
1 1 1 1 0 1 1 1 0 1 vec3036 
1 1 1 1 1 1 1 1 1 0 vec3037 
1 1 1 1 1 0 1 1 1 0 vec3038 
0 0 1 0 0 1 0 0 0 1 vec3039 
0 0 1 0 0 1 1 0 1 0 vec3040 
0 1 1 0 0 1 0 0 1 0 vec3041 
1 1 0 1 1 1 1 0 1 1 vec3042 
0 1 1 1 0 1 0 1 0 0 vec3043 
1 0 1 0 0 0 0 1 0 0 vec3044 
0 1 0 0 1 1 1 1 0 1 vec3045 
1 0 1 1 1 0 1 0 1 1 vec3046 
1 0 1 1 0 1 0 0 1 1 vec3047 
0 0 1 0 0 1 0 0 1 1 vec3048 
0 1 1 1 0 1 0 0 1 0 vec3049 
1 0 1 1 1 0 1 0 0 1 vec3050 
1 1 1 1 0 1 1 1 0 1 vec3051 
1 0 1 1 0 1 1 0 0 0 vec3052 
1 1 0 1 1 1 1 1 1 0 vec3053 
1 1 1 1 0 1 1 1 1 0 vec3054 
1 1 1 1 0 1 1 1 0 1 vec3055 
1 0 0 1 1 1 1 0 1 0 vec3056 
1 1 0 1 1 0 1 0 1 1 vec3057 
1 0 1 1 1 0 1 1 0 0 vec3058 
0 1 1 1 0 0 0 0 1 1 vec3059 
1 1 1 1 0 1 1 0 1 1 vec3060 
0 0 1 0 0 1 0 0 0 1 vec3061 
0 1 1 0 0 1 0 0 0 0 vec3062 
1 1 1 0 1 1 1 1 0 1 vec3063 
1 1 0 1 1 0 1 0 1 0 vec3064 
1 0 1 0 0 1 0 0 0 1 vec3065 
1 1 0 1 0 1 0 1 0 0 vec3066 
0 1 1 1 0 1 0 1 1 1 vec3067 
1 1 1 1 1 1 1 1 1 0 vec3068 
1 0 1 1 1 0 1 1 1 1 vec3069 
1 0 0 1 0 1 1 0 1 0 vec3070 
0 0 1 0 1 1 0 0 1 1 vec3071 
1 1 1 1 0 1 1 0 0 1 vec3072 
1 0 1 1 1 0 1 0 1 0 vec3073 
1 1 0 1 1 1 1 0 0 1 vec3074 
1 1 0 1 1 1 1 1 0 0 vec3075 
1 1 0 1 0 1 1 0 0 0 vec3076 
0 1 1 1 0 1 0 1 0 0 vec3077 
1 1 1 1 0 1 1 1 1 0 vec3078 
0 0 1 0 0 1 0 1 0 1 vec3079 
0 1 1 1 0 1 0 1 1 0 vec3080 
0 1 1 0 0 1 1 0 0 0 vec3081 
1 1 1 0 0 1 1 0 1 0 vec3082 
1 1 0 1 1 1 1 1 0 0 vec3083 
1 1 1 1 1 1 1 1 0 1 vec3084 
1 1 1 0 1 1 1 0 0 0 vec3085 
1 0 1 1 0 1 1 1 0 1 vec3086 
1 1 1 1 1 1 1 1 0 1 vec3087 
1 1 1 1 1 1 1 1 0 1 vec3088 
1 1 0 1 0 1 1 0 0 0 vec3089 
0 0 1 0 0 1 0 1 1 0 vec3090 
1 1 0 0 1 1 1 0 1 1 vec3091 
1 1 0 0 0 1 1 1 0 1 vec3092 
1 1 1 1 1 1 1 1 0 1 vec3093 
1 0 1 1 0 1 0 1 0 0 vec3094 
1 1 1 1 1 0 1 0 1 0 vec3095 
1 0 1 0 0 1 0 1 0 1 vec3096 
1 0 1 0 0 0 0 1 1 0 vec3097 
1 1 1 1 1 1 1 1 1 1 vec3098 
1 0 1 0 0 1 1 0 1 1 vec3099 
1 1 0 1 1 1 1 0 0 0 vec3100 
1 1 1 0 1 0 1 1 1 0 vec3101 
0 1 1 0 0 1 0 0 0 0 vec3102 
1 1 0 1 1 1 1 0 0 0 vec3103 
1 1 1 1 1 1 1 1 1 1 vec3104 
0 1 0 1 0 1 0 0 0 0 vec3105 
1 1 0 1 0 0 0 1 0 1 vec3106 
1 0 1 1 1 0 1 1 0 0 vec3107 
0 1 1 0 0 1 1 0 1 1 vec3108 
1 1 1 1 0 1 1 0 0 0 vec3109 
1 1 0 0 1 0 0 1 0 0 vec3110 
0 1 1 0 0 1 1 1 1 1 vec3111 
1 0 1 0 0 1 0 0 0 1 vec3112 
1 1 0 1 1 1 1 1 0 0 vec3113 
0 1 0 1 0 1 1 1 1 1 vec3114 
1 1 1 1 1 1 1 1 0 0 vec3115 
0 1 1 1 0 1 0 1 0 1 vec3116 
1 1 0 1 1 1 1 1 1 0 vec3117 
1 0 1 1 0 1 0 0 1 0 vec3118 
1 1 0 1 1 1 1 1 0 0 vec3119 
0 0 1 0 0 1 0 1 1 1 vec3120 
0 1 0 1 0 1 0 0 1 1 vec3121 
1 1 1 1 1 1 1 1 0 1 vec3122 
1 0 1 0 0 1 0 0 0 1 vec3123 
1 0 1 0 0 1 1 1 1 1 vec3124 
1 0 1 1 1 0 1 1 1 1 vec3125 
1 0 1 1 0 1 1 0 0 0 vec3126 
0 0 1 0 0 1 0 1 1 1 vec3127 
0 0 1 1 0 1 1 1 1 1 vec3128 
1 0 0 1 0 1 1 0 1 0 vec3129 
1 0 1 0 0 1 0 1 1 1 vec3130 
1 1 1 1 0 1 1 1 0 0 vec3131 
1 1 1 0 1 1 1 1 1 0 vec3132 
1 0 1 1 1 0 1 0 1 0 vec3133 
1 1 1 0 1 1 1 0 1 1 vec3134 
1 1 1 1 1 1 1 1 1 1 vec3135 
1 0 1 0 0 1 0 1 1 1 vec3136 
1 0 1 1 1 0 1 0 1 1 vec3137 
0 0 1 0 0 1 0 0 0 1 vec3138 
1 1 1 1 0 1 1 1 0 1 vec3139 
1 1 0 1 0 1 1 1 1 1 vec3140 
1 0 1 1 0 1 1 1 0 1 vec3141 
1 1 1 1 0 1 1 1 1 0 vec3142 
1 0 1 1 0 1 0 0 0 0 vec3143 
1 0 1 1 1 0 1 1 1 1 vec3144 
1 1 1 1 1 1 1 1 0 0 vec3145 
1 0 1 1 0 1 1 0 0 1 vec3146 
1 1 1 0 1 1 1 1 1 1 vec3147 
1 1 0 1 0 1 1 0 0 0 vec3148 
1 1 1 0 1 0 1 1 0 1 vec3149 
1 1 1 1 0 1 1 0 0 1 vec3150 
1 0 1 0 0 1 1 0 0 0 vec3151 
1 1 0 0 0 1 1 0 1 1 vec3152 
1 1 1 0 1 1 1 1 0 0 vec3153 
0 1 0 0 1 1 1 0 0 0 vec3154 
0 1 1 0 0 1 0 0 1 1 vec3155 
1 1 0 1 0 1 1 0 1 1 vec3156 
1 0 1 0 0 1 0 0 0 1 vec3157 
0 1 1 1 0 1 0 1 1 1 vec3158 
1 0 1 1 1 0 1 0 0 0 vec3159 
1 1 0 1 0 1 1 0 0 1 vec3160 
0 0 1 0 0 1 0 0 0 1 vec3161 
1 0 1 0 0 1 0 0 0 1 vec3162 
0 1 1 1 0 1 0 0 1 1 vec3163 
1 1 0 0 1 1 1 1 0 0 vec3164 
1 0 1 0 0 1 0 1 1 0 vec3165 
0 1 1 1 0 1 0 0 1 1 vec3166 
1 0 1 1 0 1 0 1 0 1 vec3167 
1 1 0 1 1 1 1 0 0 0 vec3168 
1 1 0 1 1 1 1 1 0 1 vec3169 
1 0 1 0 0 1 0 0 1 0 vec3170 
1 0 1 1 1 0 1 1 0 1 vec3171 
0 1 1 1 0 1 0 1 1 0 vec3172 
1 1 1 1 0 1 1 0 0 1 vec3173 
1 0 0 1 0 0 1 1 0 1 vec3174 
1 1 1 1 1 1 1 1 1 1 vec3175 
1 0 1 1 1 1 1 1 1 1 vec3176 
0 1 1 1 0 1 1 1 1 0 vec3177 
1 1 0 1 0 1 1 0 1 0 vec3178 
1 1 0 1 1 0 1 1 1 1 vec3179 
1 0 1 1 1 0 1 0 1 0 vec3180 
1 0 1 0 0 1 1 0 0 0 vec3181 
1 1 1 1 1 1 1 0 1 1 vec3182 
1 0 1 0 0 1 0 0 0 0 vec3183 
1 1 0 1 0 1 0 0 0 0 vec3184 
0 1 0 0 1 1 1 1 0 1 vec3185 
1 1 1 0 1 1 1 1 1 1 vec3186 
0 0 1 1 0 1 0 0 0 1 vec3187 
1 0 1 1 1 1 1 1 0 1 vec3188 
1 0 1 1 1 0 1 0 0 0 vec3189 
0 0 1 0 0 1 0 1 1 0 vec3190 
1 1 1 0 1 1 1 0 1 0 vec3191 
0 1 0 1 0 1 1 1 1 1 vec3192 
1 1 1 1 1 1 1 1 0 1 vec3193 
1 0 1 0 0 1 0 1 1 1 vec3194 
1 1 1 1 0 1 0 1 0 0 vec3195 
1 1 0 1 1 1 1 0 0 1 vec3196 
0 1 1 0 1 1 1 0 1 0 vec3197 
1 0 1 1 0 1 1 0 0 0 vec3198 
1 0 1 1 0 0 1 0 0 0 vec3199 
1 0 1 1 1 0 1 0 1 1 vec3200 
