pi,hi,ac,pe,tim,sol,
1,1,5,0,0.191981554031372,1024,1
1,1,5,0.04,0.201891422271728,1024,1
1,1,5,0.08,0.188337087631226,1024,1
1,1,20,0,0.751312732696533,1024,1
1,1,20,0.04,0.758569002151489,1024,1
1,1,20,0.08,0.747045040130615,1024,1
1,1,50,0,1.96488642692566,1024,1
1,1,50,0.04,2.09682178497314,1024,1
1,1,50,0.08,1.93433594703674,1024,1
1,1,100,0,3.87285804748535,1024,1
1,1,100,0.04,3.8415470123291,1024,1
1,1,100,0.08,3.8340106010437,1024,1
1,2,5,0,0.187871694564819,1024,1
1,2,5,0.04,0.192921161651611,1024,1
1,2,5,0.08,0.206945180892944,1024,1
1,2,20,0,0.747299194335938,1024,1
1,2,20,0.04,0.771500825881958,1024,1
1,2,20,0.08,0.753910303115845,1024,1
1,2,50,0,1.93038415908813,1024,1
1,2,50,0.04,1.94148015975952,1024,1
1,2,50,0.08,1.97763824462891,1024,1
1,2,100,0,3.94935774803162,1024,1
1,2,100,0.04,4.05305147171021,1024,1
1,2,100,0.08,3.95566439628601,1024,1
1,3,5,0,0.202097415924072,1018,0.994140625
1,3,5,0.04,0.21916937828064,1018,0.994140625
1,3,5,0.08,0.207463979721069,1024,1
1,3,20,0,0.834231376647949,1024,1
1,3,20,0.04,0.845200300216675,1024,1
1,3,20,0.08,0.8427734375,1024,1
1,3,50,0,2.0523407459259,1024,1
1,3,50,0.04,2.01952004432678,1024,1
1,3,50,0.08,2.02208280563354,1024,1
1,3,100,0,4.112229347229,1024,1
1,3,100,0.04,4.13237547874451,1024,1
1,3,100,0.08,4.10810232162476,1024,1
1,4,5,0,0.214752435684204,997,0.9736328125
1,4,5,0.04,0.200026988983154,1024,1
1,4,5,0.08,0.219417572021484,1018,0.994140625
1,4,20,0,0.790655136108398,1024,1
1,4,20,0.04,0.821787595748901,1024,1
1,4,20,0.08,0.938151359558106,1024,1
1,4,50,0,2.02556967735291,1024,1
1,4,50,0.04,2.12438225746155,1024,1
1,4,50,0.08,2.20028853416443,1024,1
1,4,100,0,4.19054865837097,1024,1
1,4,100,0.04,4.1050295829773,1024,1
1,4,100,0.08,4.12497997283936,1024,1
2,1,5,0,0.191476345062256,1024,1
2,1,5,0.04,0.185545206069946,1024,1
2,1,5,0.08,0.194723844528198,1024,1
2,1,20,0,0.786703824996948,1024,1
2,1,20,0.04,0.780836343765259,1024,1
2,1,20,0.08,0.766749620437622,1024,1
2,1,50,0,1.89325857162476,1024,1
2,1,50,0.04,2.04267311096191,1024,1
2,1,50,0.08,1.90940952301025,1024,1
2,1,100,0,3.80791711807251,1024,1
2,1,100,0.04,4.00883984565735,1024,1
2,1,100,0.08,3.8983166217804,1024,1
3,1,5,0,0.203059434890747,1024,1
3,1,5,0.04,0.215423345565796,1024,1
3,1,5,0.08,0.195733785629272,1024,1
3,1,20,0,0.812992095947266,1024,1
3,1,20,0.04,0.808597326278687,1024,1
3,1,20,0.08,0.804374694824219,1024,1
3,1,50,0,2.10488295555115,1024,1
3,1,50,0.04,2.0923011302948,1024,1
3,1,50,0.08,2.08531832695007,1024,1
3,1,100,0,4.07371354103088,1024,1
3,1,100,0.04,4.20785689353943,1024,1
3,1,100,0.08,4.21036005020142,1024,1
4,1,5,0,0.227877140045166,1024,1
4,1,5,0.04,0.219298124313354,1024,1
4,1,5,0.08,0.214787006378174,1024,1
4,1,20,0,0.826333045959473,1024,1
4,1,20,0.04,0.849944591522217,1024,1
4,1,20,0.08,0.981857299804688,1024,1
4,1,50,0,2.47243213653564,1024,1
4,1,50,0.04,2.0268189907074,1024,1
4,1,50,0.08,2.01668524742126,1024,1
4,1,100,0,4.36488819122314,1024,1
4,1,100,0.04,4.18732810020447,1024,1
4,1,100,0.08,4.29286026954651,1024,1
