pi,hi,ac,pe,tim,sol,score
1,1,5,0,20.0320756435394,10176,0.707157748436414
1,1,5,0.04,17.1044163703918,9585,0.666087560806115
1,1,5,0.08,14.7358059883118,8989,0.624669909659486
1,1,20,0,30.3682465553284,10781,0.749200833912439
1,1,20,0.04,30.2664623260498,10479,0.72821403752606
1,1,20,0.08,30.2581834793091,10378,0.721195274496178
1,1,50,0,32.0156795978546,10487,0.728769979152189
1,1,50,0.04,30.8352377414703,10181,0.707505211952745
1,1,50,0.08,31.4301238059998,10271,0.713759555246699
1,1,100,0,30.9368653297424,10274,0.713968033356498
1,1,100,0.04,31.4764287471771,10589,0.735858234885337
1,1,100,0.08,30.5120494365692,10484,0.728561501042391
1,2,5,0,30.3585669994354,13076,0.90868658790827
1,2,5,0.04,30.0974926948547,11979,0.832453092425295
1,2,5,0.08,27.7197444438934,11066,0.769006254343294
1,2,20,0,30.3312036991119,13157,0.914315496872828
1,2,20,0.04,30.8711202144623,12883,0.895274496177901
1,2,20,0.08,30.4500014781952,12076,0.839193884642113
1,2,50,0,31.6347057819366,12380,0.860319666435024
1,2,50,0.04,32.1757774353027,12482,0.867407922168172
1,2,50,0.08,30.3461375236511,12187,0.846907574704656
1,2,100,0,35.583527803421,12582,0.874357192494788
1,2,100,0.04,35.9745695590973,12571,0.87359277275886
1,2,100,0.08,36.562344789505,12173,0.84593467685893
1,3,5,0,30.2063519954681,13289,0.923488533703961
1,3,5,0.04,30.4210362434387,13346,0.927449617790132
1,3,5,0.08,30.1458668708801,12485,0.867616400277971
1,3,20,0,31.4514734745026,13481,0.936831132731063
1,3,20,0.04,32.1059944629669,13372,0.929256428075052
1,3,20,0.08,30.5356049537659,13362,0.928561501042391
1,3,50,0,30.5410664081573,13181,0.915983321751216
1,3,50,0.04,30.705908536911,13480,0.936761640027797
1,3,50,0.08,31.5705859661102,13649,0.948505906879778
1,3,100,0,37.2064411640167,13374,0.929395413481584
1,3,100,0.04,37.0816471576691,13665,0.949617790132036
1,3,100,0.08,36.8540995121002,13370,0.92911744266852
1,4,5,0,30.5590739250183,13185,0.916261292564281
1,4,5,0.04,30.1403291225433,13589,0.944336344683808
1,4,5,0.08,30.0175721645355,13482,0.936900625434329
1,4,20,0,31.2344555854797,13384,0.930090340514246
1,4,20,0.04,30.2469568252563,13275,0.922515635858235
1,4,20,0.08,30.8075571060181,13288,0.923419041000695
1,4,50,0,33.936381816864,13488,0.937317581653926
1,4,50,0.04,36.1517784595489,13766,0.956636553161918
1,4,50,0.08,33.2505078315735,13476,0.936483669214733
1,4,100,0,40.9440088272095,13782,0.957748436414176
1,4,100,0.04,42.5028574466705,13789,0.95823488533704
1,4,100,0.08,41.9025838375092,13787,0.958095899930507
2,1,5,0,30.1365239620209,11779,0.818554551772064
2,1,5,0.04,30.3451175689697,11287,0.784364141765115
2,1,5,0.08,29.3087575435638,10676,0.741904100069493
2,1,20,0,30.6772291660309,11886,0.825990271021543
2,1,20,0.04,30.4823048114777,11784,0.818902015288395
2,1,20,0.08,31.4355521202087,11383,0.791035441278666
2,1,50,0,33.20046210289,11873,0.825086865879083
2,1,50,0.04,32.8603734970093,11487,0.798262682418346
2,1,50,0.08,34.2378034591675,11869,0.824808895066018
2,1,100,0,31.3008980751038,11378,0.790687977762335
2,1,100,0.04,30.7293748855591,11358,0.789298123697012
2,1,100,0.08,30.3338887691498,12376,0.86004169562196
3,1,5,0,30.338042974472,12925,0.89819318971508
3,1,5,0.04,30.2421982288361,12369,0.859555246699096
3,1,5,0.08,30.2210693359375,12089,0.840097289784573
3,1,20,0,31.8297913074493,12980,0.902015288394719
3,1,20,0.04,30.8084652423859,13038,0.906045865184156
3,1,20,0.08,31.9313273429871,12870,0.894371091035441
3,1,50,0,34.4850084781647,12781,0.888186240444753
3,1,50,0.04,34.5046339035034,13054,0.907157748436414
3,1,50,0.08,33.6856825351715,12788,0.888672689367616
3,1,100,0,32.0219736099243,12677,0.880958999305073
3,1,100,0.04,33.3722817897797,12629,0.877623349548297
3,1,100,0.08,32.7329320907593,12584,0.87449617790132
4,1,5,0,30.3562366962433,13540,0.940931202223766
4,1,5,0.04,30.2753291130066,13184,0.916191799861015
4,1,5,0.08,30.4328830242157,13262,0.921612230715775
4,1,20,0,30.3830218315125,13560,0.94232105628909
4,1,20,0.04,30.5040609836578,13361,0.928492008339124
4,1,20,0.08,30.7145502567291,13489,0.937387074357192
4,1,50,0,35.4143204689026,13588,0.944266851980542
4,1,50,0.04,35.0550484657288,13547,0.941417651146629
4,1,50,0.08,31.1332750320435,13630,0.947185545517721
4,1,100,0,41.1992623806,13468,0.935927727588603
4,1,100,0.04,41.0567729473114,13683,0.950868658790827
4,1,100,0.08,39.5885555744171,13777,0.957400972897846
