pi,hi,ac,pe,tim,sol,score
1,1,5,0,0.913141250610352,3341,1.6539603960396
1,1,5,0.04,0.906189680099487,3142,1.55544554455446
1,1,5,0.08,0.899996519088745,2768,1.37029702970297
1,1,20,0,2.9233660697937,2760,1.36633663366337
1,1,20,0.04,2.92031908035278,2410,1.19306930693069
1,1,20,0.08,2.92022585868835,2367,1.17178217821782
1,1,50,0,7.08742499351501,2591,1.28267326732673
1,1,50,0.04,7.04370355606079,2302,1.13960396039604
1,1,50,0.08,7.09915661811829,2149,1.06386138613861
1,1,100,0,14.4360692501068,2405,1.19059405940594
1,1,100,0.04,14.5736064910889,2188,1.08316831683168
1,1,100,0.08,14.5794651508331,2081,1.03019801980198
1,2,5,0,0.900889158248901,5311,2.62920792079208
1,2,5,0.04,0.908108472824097,5745,2.84405940594059
1,2,5,0.08,0.897637605667114,5443,2.69455445544554
1,2,20,0,2.91044783592224,4986,2.46831683168317
1,2,20,0.04,2.91913270950317,4899,2.42524752475248
1,2,20,0.08,2.91748285293579,4729,2.34108910891089
1,2,50,0,6.96628141403198,5010,2.48019801980198
1,2,50,0.04,7.0127477645874,4625,2.28960396039604
1,2,50,0.08,7.07789611816406,4657,2.30544554455446
1,2,100,0,14.3310124874115,4990,2.47029702970297
1,2,100,0.04,14.808500289917,4617,2.28564356435644
1,2,100,0.08,13.9079668521881,5288,2.61782178217822
1,3,5,0,0.915411472320556,5452,2.6990099009901
1,3,5,0.04,0.898755550384522,5449,2.69752475247525
1,3,5,0.08,0.91247820854187,5323,2.63514851485148
1,3,20,0,2.94956731796265,5425,2.68564356435644
1,3,20,0.04,2.93171072006226,5518,2.73168316831683
1,3,20,0.08,2.94987678527832,5397,2.67178217821782
1,3,50,0,7.06048202514648,5323,2.63514851485148
1,3,50,0.04,7.15571260452271,5339,2.64306930693069
1,3,50,0.08,7.23190927505493,5288,2.61782178217822
1,3,100,0,13.9908881187439,5323,2.63514851485148
1,3,100,0.04,14.5597462654114,4804,2.37821782178218
1,3,100,0.08,14.9942176342011,5288,2.61782178217822
1,4,5,0,1.0435779094696,5339,2.64306930693069
1,4,5,0.04,1.03242421150208,5575,2.75990099009901
1,4,5,0.08,1.03682518005371,5449,2.69752475247525
1,4,20,0,3.32961988449097,5323,2.63514851485148
1,4,20,0.04,3.06836843490601,5323,2.63514851485148
1,4,20,0.08,3.16059827804565,5323,2.63514851485148
1,4,50,0,7.84434747695923,5323,2.63514851485148
1,4,50,0.04,7.2492995262146,5323,2.63514851485148
1,4,50,0.08,7.73282122612,5288,2.61782178217822
1,4,100,0,14.7067737579346,5323,2.63514851485148
1,4,100,0.04,14.3365609645844,5323,2.63514851485148
1,4,100,0.08,14.5864009857178,5323,2.63514851485148
2,1,5,0,0.927777290344238,3023,1.49653465346535
2,1,5,0.04,0.925447702407837,2450,1.21287128712871
2,1,5,0.08,0.930951118469238,2442,1.20891089108911
2,1,20,0,3.00717306137085,2295,1.13613861386139
2,1,20,0.04,3.00379657745361,2252,1.11485148514852
2,1,20,0.08,3.04611945152283,2131,1.05495049504951
2,1,50,0,7.432785987854,2150,1.06435643564356
2,1,50,0.04,7.37664890289307,2105,1.04207920792079
2,1,50,0.08,7.39927172660828,2068,1.02376237623762
2,1,100,0,15.1143682003021,2065,1.02227722772277
2,1,100,0.04,15.1740980148315,2055,1.01732673267327
2,1,100,0.08,15.9127748012543,2063,1.02128712871287
3,1,5,0,0.930437326431274,2849,1.41039603960396
3,1,5,0.04,0.917682886123657,2378,1.17722772277228
3,1,5,0.08,1.07265329360962,2586,1.28019801980198
3,1,20,0,3.12065839767456,2112,1.04554455445545
3,1,20,0.04,3.09875345230103,2099,1.03910891089109
3,1,20,0.08,3.08341574668884,2080,1.02970297029703
3,1,50,0,7.565913438797,2091,1.03514851485149
3,1,50,0.04,7.55854415893555,2107,1.04306930693069
3,1,50,0.08,7.53378367424011,2048,1.01386138613861
3,1,100,0,15.2350118160248,2069,1.02425742574257
3,1,100,0.04,15.2943687438965,2040,1.00990099009901
3,1,100,0.08,15.3250465393066,2042,1.01089108910891
4,1,5,0,0.944189310073852,2808,1.39009900990099
4,1,5,0.04,0.95356011390686,2482,1.22871287128713
4,1,5,0.08,0.951656341552734,2573,1.27376237623762
4,1,20,0,3.08304333686829,2096,1.03762376237624
4,1,20,0.04,3.09614324569702,2162,1.07029702970297
4,1,20,0.08,3.11742496490479,2065,1.02227722772277
4,1,50,0,7.49243187904358,2081,1.03019801980198
4,1,50,0.04,7.51356172561646,2094,1.03663366336634
4,1,50,0.08,7.51935148239136,2042,1.01089108910891
4,1,100,0,15.1574506759644,2077,1.02821782178218
4,1,100,0.04,15.2265024185181,2020,1
4,1,100,0.08,15.1638526916504,2038,1.00891089108911
